1;1;0,3,5;7.084917;12;(3.5,0)(8.5,1)(-0.5,0.5)(5.5,0)(-0.5,3)(8,5.5);
1;2;;0.5827808;15;(-0.5,1)(4,0)(6.5,-0.5)(1,6.5)(6,3)(8.5,6);
1;3;;1.64658;9;(7.5,-0.5)(8.5,3)(-0.5,0.5)(5.5,3.5)(2,-0.5)(5,-0.5);
1;4;;0.4971733;8;(8.5,5.5)(-0.5,6.5)(-0.5,-0.5)(8,4)(-0.5,2)(-0.5,4.5);
1;5;;1.490152;16;(8.5,2.5)(-0.5,-0.5)(-0.5,3.5)(8.5,5.5)(-0.5,6)(5.5,-0.5);
1;6;;2.603941;14;(-0.5,-0.5)(-0.5,1)(8,6)(8.5,3)(4.5,-0.5)(2,2.5);
1;1;;10.41762;12;(5.5,2.5)(2.5,6.5)(7.5,0.5)(3.5,5)(5,0.5)(0.5,3.5);
1;2;;0.343977;15;(6.5,0)(1,4.5)(5,4)(6,6.5)(7.5,6)(8.5,4.5);
1;3;;0.2925358;9;(5.5,4)(7.5,6.5)(7,3.5)(8.5,1.5)(4,3)(-0.5,6);
1;4;;0.3452072;8;(4.5,-0.5)(1,5.5)(7.5,4.5)(6,4.5)(2,0)(7,-0.5);
1;5;;0.3118649;16;(7,1.5)(8.5,5)(-0.5,6)(5,0.5)(3,5.5)(1,5.5);
1;6;;0.3092747;14;(4,5)(7.5,-0.5)(8.5,2)(4.5,0.5)(7.5,4.5)(1.5,3.5);
1;1;;10.88671;12;(2,5.5)(0.5,5)(4.5,3.5)(5.5,0.5)(8.5,6)(7,3.5);
1;2;;0.8056774;15;(8.5,5.5)(4,1)(3.5,4)(-0.5,5)(6,4.5)(1,6);
1;3;;0.5497952;9;(6.5,4.5)(1,6)(0.5,3.5)(4,3)(5,6.5)(-0.5,6.5);
1;4;;0.5665627;8;(5.5,2)(7,2.5)(7,4.5)(7,6.5)(4,2.5)(7.5,1);
1;5;;0.4119358;16;(3,4)(6,3.5)(8.5,5.5)(1.5,1.5)(4.5,2)(8,1);
1;6;;0.2420311;14;(8.5,4)(4.5,4.5)(0.5,4)(1,6)(6.5,3.5)(7.5,5.5);
1;7;;0.2766495;1;(8.5,5.5)(3,6.5)(4.5,5)(5,3)(-0.5,6.5)(4.5,0.5);
1;8;;0.1569881;5;(7.5,2)(2.5,6)(6,6)(4,4)(5.5,4)(7.5,4.5);
2;1;;0.5500889;7;(3,6.5)(6,-0.5)(3,4.5)(5.5,6.5)(6,2.5)(6,4);
2;2;;0.344944;4;(7,4.5)(8,1.5)(4.5,1)(2,5)(4.5,3.5)(6,2);
2;3;;0.345623;2;(7.5,6)(2,4)(6,3.5)(7.5,1.5)(-0.5,3.5)(6,5.5);
2;4;;0.3280048;13;(5.5,0.5)(5.5,4)(4,1)(2,5)(6,5.5)(0,4);
2;5;;0.242672;3;(8,1.5)(6.5,-0.5)(4,4)(0.5,4.5)(5,2.5)(5,-0.5);
2;6;;0.1394215;11;(0.5,4)(7.5,0)(5,3.5)(5.5,2)(6,-0.5)(0,6);
2;7;;0.2414417;10;(6,6)(3,5.5)(1,5.5)(4.5,3.5)(7.5,5)(8.5,0.5);
2;8;;0.3447609;6;(6,5)(7,2)(3.5,4.5)(1.5,5)(4,6)(8.5,3);
1;1;;20.81434;12;(0,-0.75)(12,5.25)(12,-4.5)(10,2.25)(-2,-5.25)(11,-0.75);
1;2;;0.6320724;15;(-7,-2.25)(10,-1.5)(10,-3)(10,-2.25)(8,-5.25)(10,4.5);
1;3;;0.3614254;9;(-1,2.25)(2,-5.25)(8,3)(3,-1.5)(-7,-2.25)(2,-3);
1;4;;0.3772163;8;(-2,-2.25)(-4,-2.25)(9,2.25)(7,6)(3,-0.75)(1,4.5);
1;5;;0.2764263;16;(10,-5.25)(11,3.75)(8,-2.25)(0,-0.75)(4,1.5)(3,-4.5);
1;6;;0.2927608;14;(-4,-4.5)(-5,2.25)(9,-1.5)(-3,5.25)(8,-3)(4,-3);
1;7;;0.03421783;1;(9,1.5)(12,0.75)(3,3)(4,-1.5)(11,-4.5)(-6,-1.5);
1;8;;0.03446198;5;(4,5.25)(7,5.25)(4,6)(-4,4.5)(-2,-3.75)(1,-1.5);
2;1;;0.9881287;7;(0,2.25)(5,0)(4,3.75)(-4,3)(11,-2.25)(11,-3.75);
2;2;;0.4117508;4;(2,1.5)(3,3.75)(8,4.5)(-5,-2.25)(12,3)(5,-0.75);
2;3;;0.4295368;2;(3,5.25)(3,-2.25)(6,3.75)(9,1.5)(-1,-0.75)(6,-1.5);
2;4;;1.21703;13;(6,0.75)(-3,-4.5)(-7,-0.75)(10,0)(-2,0.75)(-4,-1.5);
2;5;;0.4462967;3;(9,-3)(3,3)(11,5.25)(7,3.75)(6,1.5)(5,-0.75);
2;6;;0.3611622;11;(0,2.25)(-6,-0.75)(-2,4.5)(-6,-1.5)(4,-4.5)(9,-5.25);
2;7;;0.4447975;10;(11,6)(1,6)(-5,2.25)(0,1.5)(-7,-4.5)(-2,1.5);
2;8;;0.4463215;6;(7,-0.75)(-5,1.5)(-3,1.5)(4,4.5)(1,6)(10,-4.5);
1;1;;6.252003;12;(3,-0.75)(-6,0.75)(6,2.25)(2,-5.25)(-1,2.25)(-5,3.75);
1;2;;2.1441;15;(-6,-3.75)(8,2.25)(0,-3)(-7,2.25)(6,0.75)(-3,-2.25);
1;3;;2.358221;9;(12,-0.75)(-4,-4.5)(1,-5.25)(4,-5.25)(0,1.5)(-1,6);
1;4;;0.6865616;8;(10,4.5)(0,-0.75)(0,-1.5)(7,6)(3,6)(-5,-1.5);
1;5;;0.7362766;16;(9,5.25)(-7,-4.5)(2,-5.25)(5,3)(-3,1.5)(2,6);
1;6;;0.632515;14;(5,-4.5)(3,0)(7,3)(-7,-1.5)(0,-3.75)(12,1.5);
1;7;;0.5471172;1;(-3,-2.25)(-7,3.75)(-5,3.75)(4,5.25)(10,3.75)(-1,6);
1;8;;0.5145111;5;(12,2.25)(8,3)(9,6)(3,-1.5)(8,-3.75)(-5,-0.75);
2;1;;0.4129276;7;(-1,2.25)(9,5.25)(9,3.75)(3,-0.75)(3,3.75)(5,-3);
2;2;;0.6686611;4;(2,0.75)(-2,-2.25)(-5,-1.5)(-7,-1.5)(7,1.5)(8,0.75);
2;3;;0.463995;2;(8,3)(6,-2.25)(6,5.25)(3,-1.5)(4,0.75)(1,-2.25);
2;4;;1.02803;13;(10,0.75)(3,3)(-5,4.5)(11,4.5)(-5,-4.5)(-4,0);
2;5;;0.5141983;3;(6,-4.5)(11,-2.25)(7,2.25)(-5,-3.75)(3,-1.5)(8,-5.25);
2;6;;0.3280945;11;(-3,-3.75)(-4,-3.75)(10,2.25)(4,5.25)(-5,-1.5)(1,4.5);
2;7;;0.2761745;10;(4,-3.75)(-6,-3.75)(12,3.75)(9,-3)(10,3.75)(3,-4.5);
1;1;;1.687323;12;(-6,1.5)(0,2.25)(-2,0.75)(10,2.25)(2,-5.25)(10,-5.25);
1;2;;0.5499725;15;(2,3.75)(6,0)(-4,-3)(-1,-3.75)(8,-3)(10,-5.25);
1;3;;2.656807;9;(1,3.75)(-2,4.5)(12,-0.75)(9,-1.5)(1,2.25)(8,0.75);
1;4;;0.869709;8;(-6,2.25)(2,3.75)(0,-5.25)(8,5.25)(6,3.75)(-5,3.75);
1;5;;0.8684788;16;(8,-2.25)(-7,-1.5)(12,1.5)(0,3)(8,2.25)(0,3.75);
1;6;;1.823259;14;(-3,0)(7,0.75)(-4,6)(-2,0)(-4,-4.5)(12,2.25);
1;7;;0.7879162;1;(11,-3)(-6,-5.25)(7,-3.75)(-2,3.75)(8,0.75)(-3,-3.75);
1;8;;0.667141;5;(-5,-0.75)(-1,5.25)(3,1.5)(-7,-3)(3,2.25)(-7,2.25);
2;1;;0.7862587;7;(6,2.25)(-2,3)(-4,0)(-6,2.25)(12,-4.5)(5,-4.5);
2;2;;0.343277;4;(-3,6)(-3,-0.75)(11,0.75)(9,4.5)(3,1.5)(-5,-5.25);
2;3;;0.5835819;2;(7,5.25)(10,0.75)(2,4.5)(-3,-3.75)(4,-0.75)(10,6);
2;4;;0.4298744;13;(10,-0.75)(-2,2.25)(3,-3)(0,-2.25)(12,1.5)(9,5.25);
2;5;;0.5849552;3;(12,6)(-6,4.5)(-5,0)(5,-1.5)(6,-5.25)(2,-5.25);
2;6;;0.5980625;11;(7,3.75)(-4,3.75)(6,4.5)(-7,0.75)(-3,0)(-3,6);
2;7;;0.6169319;10;(2,5.25)(-4,-2.25)(-5,1.5)(-5,-3.75)(6,6)(9,-1.5);
2;8;;0.5805111;6;(0,1.5)(1,-4.5)(0,6)(-4,-3)(1,-1.5)(6,6);
1;1;4;3.830456;12;(12,8.25)(5,6.75)(7,7.5)(10,1.5)(3,3)(2,1.5);
1;2;2,1;5.372995;15;(15,6.75)(2,3.75)(1,0.75)(9,6.75)(14,5.25)(14,0.75);
1;3;;0.5475178;9;(9,8.25)(10,3.75)(5,2.25)(9,4.5)(2,4.5)(2,7.5);
1;4;;0.4784718;8;(2,3.75)(2,6)(9,3)(4,8.25)(6,2.25)(12,6);
1;5;;0.5661945;16;(3,5.25)(4,7.5)(6,0.75)(9,0.75)(10,6.75)(5,2.25);
1;6;;0.5816574;14;(4,5.25)(8,2.25)(8,7.5)(9,2.25)(2,3.75)(8,5.25);
1;7;;0.5499344;1;(10,6)(1,2.25)(13,7.5)(2,7.5)(15,1.5)(13,5.25);
1;8;;0.5657043;5;(11,6)(13,6.75)(13,2.25)(1,3.75)(1,6.75)(4,7.5);
2;1;;0.479351;7;(13,0.75)(9,1.5)(13,6.75)(7,6.75)(5,6)(6,4.5);
2;2;;0.4621849;4;(6,8.25)(13,2.25)(10,2.25)(8,7.5)(7,4.5)(1,3.75);
2;3;;0.4482555;2;(3,3)(11,7.5)(13,5.25)(6,3)(7,7.5)(7,2.25);
2;4;;4.118246;13;(3,3)(7,6)(3,7.5)(3,3.75)(1,4.5)(11,1.5);
2;5;;1.719456;3;(13,5.25)(8,5.25)(5,8.25)(13,8.25)(1,0.75)(12,7.5);
2;6;;1.690271;11;(3,5.25)(1,6.75)(9,0.75)(15,3.75)(11,2.25)(2,6.75);
2;7;;0.8512001;10;(6,3)(15,6.75)(12,0.75)(15,2.25)(15,3)(3,4.5);
2;8;;0.5123882;6;(10,7.5)(5,6)(3,7.5)(12,8.25)(14,6.75)(2,7.5);
1;1;;0.8537922;12;(14,6)(12,1.5)(3,4.5)(6,3.75)(12,7.5)(1,3.75);
1;2;;0.5472603;15;(12,1.5)(1,8.25)(13,6)(12,6.75)(6,6.75)(14,6);
1;3;;0.6009407;9;(14,3)(3,7.5)(15,3.75)(2,4.5)(5,7.5)(11,0.75);
1;4;5,2;4.278418;8;(11,3)(2,4.5)(6,3)(9,7.5)(10,6.75)(6,2.25);
1;1;;5.690025;12;(11,1.5)(5,7.5)(9,8.25)(3,4.5)(10,3)(11,0.75);
1;1;;2.732227;12;(7,5.25)(3,5.25)(14,4.5)(3,6.75)(15,8.25)(5,7.5);
1;2;;1.919622;15;(13,7.5)(10,3.75)(5,2.25)(1,3)(13,6)(3,7.5);
1;3;;0.3960629;9;(5,8.25)(1,2.25)(15,1.5)(8,3.75)(7,1.5)(3,5.25);
1;4;;0.5836029;8;(7,3)(11,3.75)(12,3)(1,2.25)(8,3)(13,8.25);
1;5;;0.3444748;16;(1,1.5)(9,7.5)(2,2.25)(3,2.25)(11,1.5)(9,6);
1;6;0,3;7.456196;14;(6,2.25)(11,6.75)(1,6.75)(4,0.75)(13,3.75)(6,6);
1;1;;1.721533;12;(9,4.5)(3,8.25)(13,4.5)(8,6.75)(11,3)(8,7.5);
1;1;;1.87899;12;(5,7.5)(9,5.25)(9,3)(4,3.75)(6,6.75)(13,0.75);
1;1;1;4.757311;12;(6,4.5)(1,1.5)(7,4.5)(8,6.75)(15,3)(15,0.75);
1;1;;9.395631;12;(15,4.5)(1,4.5)(1,7.5)(5,8.25)(5,0.75)(14,1.5);
1;2;;0.4300728;15;(8,8.25)(4,8.25)(12,2.25)(9,4.5)(1,3)(8,2.25);
1;3;;0.3280048;9;(9,6)(4,3.75)(1,4.5)(8,6.75)(2,2.25)(5,6);
1;4;;0.3104057;8;(6,3)(5,6.75)(4,6)(1,8.25)(7,6)(8,5.25);
1;5;;0.4816017;16;(5,8.25)(6,7.5)(2,3)(9,8.25)(4,6)(4,3.75);
1;6;;0.4458237;14;(6,7.5)(11,0.75)(3,0.75)(8,5.25)(15,6)(4,8.25);
1;7;;0.4958572;1;(9,6.75)(7,0.75)(8,1.5)(12,8.25)(15,7.5)(3,5.25);
1;8;;0.5300503;5;(11,2.25)(12,8.25)(5,3.75)(10,3)(1,2.25)(11,3.75);
2;1;;0.7897968;7;(4,3)(11,3.75)(13,0.75)(5,7.5)(6,6)(11,1.5);
2;2;;0.5303745;4;(12,4.5)(10,6)(14,4.5)(3,2.25)(2,5.25)(7,8.25);
2;3;;0.4448624;2;(15,7.5)(3,4.5)(4,1.5)(6,7.5)(9,0.75)(6,4.5);
2;4;;0.4816284;13;(15,2.25)(5,1.5)(15,6)(4,3.75)(3,0.75)(6,3.75);
2;5;;0.4983845;3;(2,5.25)(6,0.75)(3,2.25)(4,3)(15,8.25)(7,2.25);
2;6;;3.746618;11;(14,1.5)(6,0.75)(11,6.75)(10,3.75)(5,6)(8,4.5);
2;7;;2.597818;10;(5,6)(4,4.5)(1,2.25)(5,0.75)(8,6.75)(9,7.5);
2;8;;3.026711;6;(3,1.5)(4,0.75)(6,1.5)(4,2.25)(1,8.25)(9,4.5);
1;1;2,4;6.535984;12;(4,5.25)(1,2.25)(-2,1.5)(7,7.5)(6,0.75)(8,1.5);
1;2;;0.4457569;15;(-2,5.25)(6,4.5)(-1,5.25)(7,8.25)(-8,7.5)(5,6.75);
1;3;;0.6490498;9;(3,1.5)(-1,6.75)(-5,0.75)(8,8.25)(1,3.75)(2,8.25);
1;4;;0.3776684;8;(3,3.75)(7,7.5)(2,8.25)(8,2.25)(1,8.25)(-4,0.75);
1;5;;0.3615704;16;(3,8.25)(-6,7.5)(7,6.75)(-1,2.25)(5,4.5)(-1,0.75);
1;6;;0.3439426;14;(4,4.5)(3,5.25)(7,6.75)(-6,2.25)(4,7.5)(4,6.75);
1;7;;0.3794384;1;(-8,1.5)(-6,3.75)(-6,0.75)(7,5.25)(-5,3.75)(-4,6);
1;8;;0.4441185;5;(-4,8.25)(-7,6.75)(3,0.75)(-1,6.75)(-3,5.25)(-6,5.25);
1;1;;3.437847;12;(2,-2.25)(-7,-3)(-3,3)(7,3)(-5,-2.25)(-5,0);
1;2;;2.390182;15;(4,3.75)(-2,0)(4,-1.5)(5,3)(-8,-0.75)(6,3.75);
1;3;4,2;8.677689;9;(-6,-0.75)(4,-2.25)(-2,1.5)(-2,-0.75)(5,3)(0,3.75);
1;4;4,1,0;5.813452;8;(6,-3)(6,3)(-8,3.75)(-5,2.25)(7,3)(2,-3);
1;1;;2.24964;12;(-5,-0.75)(-4,0.75)(-5,0.75)(0,3.75)(0,2.25)(-6,-2.25);
1;2;;2.908123;15;(5,0)(-7,-1.5)(-1,-2.25)(-3,0.75)(3,-1.5)(-8,-3);
1;3;;1.126173;9;(4,3.75)(-7,-1.5)(-1,-1.5)(6,-0.75)(5,0.75)(-7,2.25);
1;4;;0.3427963;8;(3,-0.75)(-7,-1.5)(-1,0.75)(0,-3)(2,-1.5)(-5,0);
1;5;;0.3090992;16;(1,-3)(-1,3)(-5,1.5)(3,3.75)(7,1.5)(5,2.25);
1;6;;0.8567009;14;(3,0.75)(0,1.5)(-2,-1.5)(-8,3.75)(2,2.25)(-6,0.75);
1;7;;0.8867149;1;(-3,-2.25)(-1,-1.5)(-6,-1.5)(0,4.5)(-4,3)(-3,1.5);
1;8;;1.674372;5;(-3,-1.5)(5,4.5)(0,2.25)(1,4.5)(-6,0)(7,-0.75);
2;1;;1.297894;7;(-3,4.5)(7,3.75)(-1,-0.75)(-6,-3)(-1,4.5)(1,3.75);
2;2;;2.064957;4;(-2,-3)(-1,4.5)(-7,3)(-7,-3)(5,-1.5)(-8,1.5);
2;3;;0.7343502;2;(7,3.75)(4,0.75)(4,0)(5,3)(-6,0.75)(4,-3);
2;4;;0.6003685;13;(-1,-0.75)(0,4.5)(7,-2.25)(5,-2.25)(-8,0.75)(6,4.5);
2;5;;0.4621086;3;(-1,1.5)(6,3.75)(5,-0.75)(-8,-0.75)(-1,-2.25)(2,-0.75);
2;6;;0.68367;11;(-4,3)(-6,1.5)(-1,-2.25)(5,-3)(3,-2.25)(5,4.5);
2;7;;0.5147324;10;(4,0)(-2,1.5)(7,1.5)(3,3.75)(7,0.75)(-1,1.5);
2;8;;0.8397465;6;(7,0)(-7,0)(-3,0.75)(-8,-0.75)(-6,0)(7,3.75);
1;1;;25;12;(5,-3)(-1,-2.25)(3,-3)(-4,-3)(4,2.25)(-8,-1.5);
1;2;;25;15;(-3,3.75)(-5,-1.5)(1,4.5)(1,-2.25)(-4,-3)(4,-3);
1;1;;1.416862;12;(-8,3)(-7,4.5)(-4,4.5)(-7,0.75)(-2,0)(-4,-3);
1;2;;0.5487804;15;(0,3)(5,4.5)(-1,-2.25)(-6,-2.25)(-5,0.75)(-7,3.75);
1;1;;1.278318;12;(-1,1.5)(1,3.75)(-1,3)(1,-2.25)(7,-0.75)(7,0);
1;2;;2.291782;15;(-8,3)(4,1.5)(1,4.5)(-8,-3)(4,3)(-8,-1.5);
1;3;;0.6510658;9;(4,3)(-3,-0.75)(7,2.25)(-6,-0.75)(-7,-3)(6,-1.5);
1;4;;1.128031;8;(-1,0.75)(3,-0.75)(-1,4.5)(-7,3.75)(1,0)(-6,0.75);
1;5;;0.6834126;16;(1,1.5)(-7,1.5)(6,-2.25)(3,0.75)(5,0)(5,4.5);
1;6;;0.7216816;14;(-7,-3)(4,-1.5)(-4,-1.5)(-5,1.5)(6,4.5)(2,3.75);
1;7;;1.056799;1;(-7,-3)(2,3)(-3,4.5)(4,3.75)(-2,3.75)(5,2.25);
1;8;;0.6322117;5;(-8,0)(2,4.5)(2,-2.25)(5,-1.5)(-2,0)(-5,2.25);
1;1;;13.21793;12;(-8,2.25)(4,0.75)(-2,4.5)(-5,-1.5)(-3,-1.5)(1,3);
1;1;0,5,4;25;12;(2,-2.25)(-8,3)(-5,-3)(7,3.75)(7,-3)(4,-0.75);
1;1;;25;12;(7,2.25)(0,3)(-3,3)(-3,0)(3,-0.75)(-3,4.5);
1;2;;21.60751;15;(-3,-0.75)(0,-1.5)(-6,-1.5)(-3,0)(7,4.5)(1,-1.5);
1;1;;25;12;(4,1.5)(-2,2.25)(-5,-3)(-8,-1.5)(2,-3)(3,3);
1;2;;25;15;(1,4.5)(-2,0)(-4,-3)(2,2.25)(-6,3.75)(6,0);
1;3;;25;9;(6,0.75)(-1,0.75)(-8,-2.25)(-7,0)(6,-3)(1,-0.75);
1;1;;25;12;(200,150)(-500,-150)(500,225)(500,0)(500,450)(700,-225);
1;2;;25;15;(-200,-225)(300,-300)(700,-225)(100,-150)(-300,-75)(-700,0);
1;1;;25;12;(-200,375)(-600,0)(-100,300)(500,375)(400,300)(600,375);
1;1;3,0;7.628815;12;(-200,375)(-700,450)(-100,300)(200,0)(-200,-75)(-800,-300);
1;2;;0.4279861;15;(500,0)(300,-225)(-400,-225)(-200,450)(500,-300)(-400,450);
1;3;;0.6353378;9;(400,0)(-600,0)(-700,225)(-400,300)(100,375)(200,450);
1;4;;0.3954449;8;(-300,0)(-200,150)(-200,300)(-500,300)(-500,-225)(400,-75);
1;5;;0.3103447;16;(-500,225)(-400,-225)(-700,225)(-500,375)(-600,-300)(-300,75);
1;6;;0.3934746;14;(0,75)(-600,-150)(0,150)(700,450)(-600,-300)(0,-150);
1;7;;0.8047218;1;(-300,375)(300,375)(0,-225)(-700,-150)(300,-300)(200,-150);
1;8;;0.5671234;5;(200,-150)(100,225)(300,75)(-700,-150)(700,450)(-500,75);
2;1;;1.708012;7;(-800,225)(300,-75)(-300,-300)(-200,150)(-500,300)(100,300);
2;2;;0.9064255;4;(500,450)(200,225)(600,-225)(-700,0)(-700,-300)(-300,-75);
2;3;;0.9042416;2;(400,-300)(400,-75)(-800,75)(-400,-150)(-400,225)(100,300);
2;4;;0.6334953;13;(-200,300)(200,-150)(100,-225)(-600,-300)(-700,-75)(0,-225);
2;5;;2.374901;3;(-800,150)(700,450)(-200,-300)(600,-150)(-400,-150)(0,75);
2;6;;0.9421349;11;(400,-225)(600,-75)(-800,150)(-100,375)(700,-150)(-800,375);
1;1;;1.129587;12;(600,-225)(300,-300)(-200,450)(600,300)(100,375)(500,75);
1;2;;0.6322479;15;(500,450)(0,375)(-700,450)(400,75)(-400,375)(200,225);
1;3;;0.7663364;9;(-600,150)(-500,0)(300,-300)(500,-75)(-100,-75)(600,150);
1;4;;3.16197;8;(-600,450)(-200,0)(400,-225)(-400,225)(400,375)(-700,450);
1;5;;1.485088;16;(-800,0)(-400,300)(-200,-225)(700,0)(-500,225)(-200,-75);
1;6;;3.005348;14;(400,-300)(0,150)(-500,0)(-600,0)(0,450)(-400,0);
1;7;;1.554512;1;(400,450)(700,150)(-300,300)(-700,375)(-500,300)(400,375);
1;8;;4.239119;5;(500,150)(-500,300)(300,75)(-200,150)(600,150)(700,450);
2;1;;4.070574;7;(-300,75)(700,225)(-800,0)(-800,-75)(300,-225)(700,-300);
2;2;;0.8873272;4;(300,450)(-400,150)(700,-300)(-500,0)(-200,-225)(600,75);
2;3;;2.18576;2;(600,-150)(-600,-300)(-400,0)(-500,-300)(0,75)(-600,-75);
1;1;3;10.0732;12;(-600,75)(700,75)(100,450)(500,-75)(300,300)(-700,-75);
1;2;5,3,0;10.29335;15;(-400,450)(-200,-150)(-100,-300)(400,375)(-600,-150)(200,225);
1;3;;1.110176;9;(0,450)(-600,375)(400,75)(700,225)(300,450)(-300,450);
1;4;;0.5812244;8;(200,300)(-800,75)(300,150)(-100,300)(200,0)(100,-75);
1;5;;0.6505871;16;(-400,0)(500,0)(0,375)(-200,300)(-700,150)(-300,-75);
1;6;;0.6143703;14;(-800,150)(100,-225)(-200,-300)(-200,0)(-200,75)(-400,-75);
1;7;;0.6354027;1;(400,450)(-200,150)(-600,225)(-200,0)(700,75)(500,150);
1;8;;0.6023102;5;(-700,-150)(400,150)(-100,-150)(400,-300)(500,150)(-400,450);
2;1;;1.523865;7;(500,150)(-800,0)(-700,-150)(0,-75)(-100,450)(-500,375);
2;2;;1.365839;4;(400,300)(100,0)(-300,450)(100,225)(0,-150)(700,225);
2;3;;4.268431;2;(-800,300)(400,150)(-800,-300)(-100,0)(-300,-225)(-600,75);
2;4;;2.71657;13;(100,450)(600,-75)(100,-75)(-100,-300)(200,375)(-200,-300);
1;1;;25;12;(300,-225)(400,0)(-300,-150)(0,450)(400,-75)(700,-300);
1;1;;2.196859;12;(200,450)(0,450)(400,0)(700,-225)(-500,75)(-500,300);
1;1;;2.720488;12;(100,-225)(-100,0)(-200,-75)(200,450)(-300,-300)(500,300);
1;2;;1.080667;15;(300,225)(500,450)(-600,0)(-300,450)(200,225)(-300,-300);
1;3;;0.9728241;9;(300,-225)(-300,-300)(-800,0)(100,0)(0,-300)(700,0);
1;1;;25;12;(-400,225)(300,-150)(300,150)(-400,375)(-500,-150)(300,300);
1;1;;7.63888;12;(-600,-300)(-800,-225)(-500,450)(400,-300)(-400,75)(-100,150);
1;2;;0.9427052;15;(500,-300)(-600,450)(700,-75)(300,150)(-200,450)(700,225);
1;3;;0.666544;9;(-300,375)(-500,450)(-200,-150)(-800,-150)(-600,75)(400,-150);
1;4;;0.5745811;8;(-200,75)(-400,450)(0,450)(-300,0)(600,150)(-400,-150);
1;5;;3.362001;16;(200,75)(-800,-300)(-800,225)(-400,225)(-700,300)(700,-225);
1;6;;0.8965702;14;(-800,-150)(-500,150)(-700,150)(-300,300)(-800,300)(-400,300);
1;7;;0.7079601;1;(700,75)(400,-75)(-800,0)(-100,150)(-700,450)(500,225);
1;8;;0.6999474;5;(500,375)(-100,150)(100,300)(400,225)(-300,225)(-400,300);
1;1;;25;12;(-700,-150)(200,75)(500,0)(700,225)(-600,-150)(-400,375);
1;1;;8.513212;12;(-500,-75)(600,300)(500,-75)(100,-300)(-300,225)(-700,-225);
1;1;;25;12;(-700,150)(300,-150)(-200,375)(-700,75)(300,0)(-500,375);
1;2;;25;15;(300,0)(300,75)(700,225)(600,225)(-500,75)(-200,75);
1;1;;8.326262;12;(-500,-75)(-500,-225)(-600,150)(-600,-225)(-100,0)(-600,375);
1;2;;0.6694183;15;(-400,-75)(-700,450)(400,-300)(0,-225)(-400,75)(-300,-225);
1;3;;1.010618;9;(100,75)(100,-225)(-500,0)(-200,0)(-500,-150)(-700,0);
1;4;;1.377739;8;(-400,0)(500,225)(-200,75)(600,225)(100,-150)(-200,-75);
1;5;;3.036343;16;(200,150)(600,150)(-200,375)(300,150)(100,225)(-400,225);
1;6;;0.7567654;14;(-300,-150)(-600,75)(-200,225)(-800,150)(-800,375)(0,300);
1;1;;17.85547;12;(-800,150)(-800,-150)(-300,450)(-800,0)(100,450)(0,225);
1;2;;1.082613;15;(600,225)(300,0)(-100,0)(100,-150)(-800,300)(-800,-300);
1;3;;5.529406;9;(100,375)(500,-225)(-100,-225)(0,300)(300,225)(-200,450);
1;4;;3.096327;8;(-600,75)(600,225)(-800,150)(400,0)(400,150)(-800,225);
1;5;;25;16;(-400,75)(-300,-300)(-300,75)(-300,300)(700,150)(-200,0);
1;6;;25;14;(100,0)(-100,-150)(600,-150)(-500,225)(300,225)(600,0);
1;7;;25;1;(700,150)(500,225)(300,150)(-300,0)(300,0)(600,225);
1;8;;25;5;(-200,-75)(-600,-75)(400,-150)(600,225)(400,0)(-400,150);
2;1;;25;7;(-400,225)(500,-300)(300,225)(300,-75)(600,375)(100,300);
1;1;;2.974195;12;(-100,0)(300,225)(500,150)(-300,-300)(100,300)(-200,0);
1;2;;1.741503;15;(700,150)(-700,300)(500,-75)(100,450)(700,375)(500,-150);
1;3;;0.9720325;9;(200,-75)(400,-300)(-800,-300)(0,450)(700,-300)(-500,375);
1;4;;1.28191;8;(-500,-150)(-100,75)(-700,75)(-400,-75)(300,-300)(100,300);
1;5;;0.7679501;16;(300,300)(-800,75)(-700,225)(100,-225)(-200,300)(0,-300);
1;6;;0.8518276;14;(-100,150)(200,225)(600,-300)(-700,450)(-200,75)(-700,150);
1;7;;0.9905281;1;(-200,-75)(500,150)(-500,300)(-100,75)(500,300)(-500,-225);
1;8;;0.5841103;5;(-500,-150)(-700,-225)(-300,450)(-600,-75)(-700,300)(-500,0);
2;1;;0.3095951;7;(-800,-225)(700,375)(600,300)(700,225)(-400,0)(600,-150);
2;2;;0.6343403;4;(400,-75)(300,-225)(-700,150)(300,75)(-200,150)(-200,-225);
2;3;;0.3095531;2;(600,450)(700,-300)(-500,225)(200,450)(600,0)(200,375);
2;4;;0.2583046;13;(-700,300)(200,300)(-800,375)(600,0)(-300,450)(-500,-225);
2;5;;0.3797626;3;(-300,-150)(-200,75)(-300,300)(0,-225)(-400,150)(100,450);
2;6;;0.2248211;11;(-400,-150)(600,150)(-200,375)(-300,300)(300,-150)(-400,300);
2;7;;0.18964;10;(600,375)(500,75)(700,-150)(300,75)(-200,450)(600,-300);
2;8;;0.03461075;6;(-200,-300)(500,75)(200,-225)(-500,375)(-500,150)(-100,75);
1;1;;9.201926;12;(-100,450)(700,-75)(400,0)(-400,150)(300,-225)(-500,-75);
1;2;;0.497591;15;(-600,-75)(-500,0)(300,-75)(-100,300)(300,225)(-500,225);
1;3;;1.214521;9;(-800,450)(400,-300)(-100,0)(0,375)(-600,450)(-800,0);
1;4;;0.6501179;8;(-300,-150)(-700,-225)(700,75)(-400,150)(-400,375)(700,-150);
1;5;;0.4797268;16;(-100,75)(-800,75)(-100,0)(100,-225)(-300,-300)(-700,300);
1;6;;1.145618;14;(-300,-75)(0,300)(-500,-150)(700,0)(600,75)(-300,375);
1;7;;0.9584656;1;(-300,-75)(500,-150)(-200,300)(-600,375)(-100,375)(300,-75);
1;8;;25;5;(-300,150)(-400,-300)(400,0)(400,450)(-800,300)(-400,75);
1;1;;4.988045;12;(700,-225)(-600,-150)(0,225)(100,0)(-300,-75)(-700,375);
1;2;;4.570536;15;(0,-225)(100,-150)(300,300)(600,150)(700,375)(-800,-300);
1;3;;4.868484;9;(-700,-225)(0,-225)(-400,450)(700,150)(-200,75)(-500,450);
1;4;;1.573009;8;(500,75)(600,375)(-700,-75)(500,225)(300,-300)(200,450);
1;5;;2.76639;16;(100,-75)(-700,75)(700,75)(-200,-225)(500,300)(400,-300);
1;6;;1.636686;14;(-100,-225)(200,225)(100,-75)(-600,-300)(0,-300)(600,0);
1;7;;3.638987;1;(-500,150)(-200,300)(400,-300)(-500,375)(-600,225)(100,375);
1;1;;3.891867;12;(600,0)(-500,75)(-600,-150)(-400,-150)(100,-150)(-200,-150);
1;2;;25;15;(100,300)(-500,375)(-100,-150)(600,300)(-500,300)(-400,-225);
1;3;;4.455782;9;(-200,225)(0,375)(-200,-300)(-500,375)(-400,225)(-400,75);
1;4;;7.091745;8;(-400,-225)(700,300)(-200,75)(200,75)(200,375)(200,150);
1;5;;0.5669003;16;(500,75)(200,-150)(-600,-225)(-400,75)(300,-300)(-400,-75);
1;6;;0.5836105;14;(500,150)(-500,-75)(700,150)(400,375)(-800,450)(600,-150);
1;7;;1.449888;1;(600,75)(200,-300)(-500,-150)(500,150)(0,225)(-700,150);
1;8;;1.314867;5;(400,-300)(600,-225)(200,-225)(400,225)(0,300)(300,300);
2;1;;1.02766;7;(-200,300)(600,450)(700,-150)(-400,75)(-600,225)(300,75);
2;2;;1.124485;4;(-400,0)(-400,300)(200,-225)(700,75)(100,-225)(400,-150);
2;3;;0.5475578;2;(700,150)(-500,75)(-200,-150)(-500,450)(200,450)(-700,150);
2;4;;0.565012;13;(-400,-75)(-300,300)(-600,-150)(-500,-150)(-700,375)(-500,225);
2;5;;0.7510567;3;(600,-225)(200,-75)(-500,150)(200,0)(600,225)(400,-75);
2;6;;0.6515064;11;(400,225)(-700,300)(100,450)(400,150)(-400,300)(0,-225);
2;7;;0.4809227;10;(-700,-225)(-400,375)(-200,-300)(0,300)(400,450)(-300,300);
2;8;;0.5127487;6;(100,-300)(-800,150)(-200,0)(-100,-300)(200,225)(200,75);
1;1;;0.5306492;12;(300,75)(-200,450)(-100,300)(-600,0)(200,450)(-400,-300);
1;2;;0.7523441;15;(-300,150)(100,-300)(500,-150)(-100,-300)(700,-150)(400,0);
1;3;;1.296783;9;(-500,-75)(-700,75)(-500,-225)(0,-150)(500,300)(-100,-150);
1;4;;0.6698208;8;(-600,75)(400,-225)(700,-300)(-300,75)(700,0)(-300,-225);
1;5;;0.8383465;16;(-500,-225)(-500,300)(-300,-300)(-400,-225)(400,-300)(500,450);
1;6;;0.702631;14;(500,-225)(500,-75)(-300,-150)(500,-300)(-700,450)(-300,-225);
1;7;;3.990934;1;(-800,375)(-200,450)(300,-300)(-200,0)(600,450)(-200,-225);
1;8;;0.89147;5;(700,75)(-600,225)(300,225)(-700,-225)(400,-150)(-100,450);
2;1;;0.9085693;7;(-400,150)(-300,-225)(-600,-150)(200,-150)(-100,-225)(500,300);
2;2;;0.6649799;4;(700,150)(-600,0)(-300,375)(-200,75)(-700,375)(-700,150);
2;3;;2.684572;2;(100,450)(700,-225)(-100,-225)(100,300)(-700,-225)(700,75);
2;4;;0.631731;13;(-300,-300)(200,225)(-300,300)(-800,225)(-500,-75)(100,300);
2;5;;1.383858;3;(-200,-300)(-200,300)(300,375)(-600,450)(200,-225)(600,300);
2;6;;2.30484;11;(400,450)(-700,375)(400,375)(-500,-225)(-400,-225)(-400,225);
2;7;;1.677223;10;(400,-150)(-500,225)(-500,-225)(-700,-225)(-400,375)(-200,225);
2;8;;1.298046;6;(500,375)(-400,-75)(-800,-75)(700,375)(-400,300)(100,375);
1;1;;1.538496;12;(600,75)(400,450)(-700,75)(-100,375)(100,-150)(-700,375);
1;2;;0.8375378;15;(700,225)(400,450)(-500,75)(-800,225)(700,375)(-200,450);
1;3;;0.5984688;9;(-800,0)(-400,375)(-500,-75)(300,150)(-700,450)(200,450);
1;4;;0.5660439;8;(400,225)(0,-150)(-200,150)(600,375)(-200,375)(500,-75);
1;5;;0.6363659;16;(-500,375)(-700,-75)(-800,-300)(-400,-225)(600,-75)(200,75);
1;6;;0.5493546;14;(-800,75)(600,-150)(-800,-75)(-300,0)(-200,300)(-600,225);
1;7;;0.7872429;1;(500,0)(-800,0)(200,225)(-200,450)(-700,-150)(500,-225);
1;1;;25;12;(200,75)(200,0)(0,450)(500,-150)(-400,225)(-800,-225);
1;2;;25;15;(-700,-225)(-800,-225)(300,225)(200,75)(-200,75)(500,225);
1;1;;3.266973;12;(0,300)(600,-300)(500,375)(500,-75)(-300,0)(-600,75);
1;2;;1.326952;15;(-300,0)(700,450)(-700,-75)(-400,-225)(-400,225)(400,300);
1;3;;0.4463139;9;(700,-225)(400,150)(300,0)(300,-300)(600,150)(600,-75);
1;4;;1.177805;8;(100,-300)(500,-225)(500,-150)(600,300)(-600,-300)(300,-300);
1;5;;1.296015;16;(700,450)(-700,-225)(-400,450)(300,225)(-500,-300)(400,225);
1;6;;9.707154;14;(-100,225)(-500,300)(-500,225)(200,450)(-400,75)(400,75);
1;7;;2.578695;1;(-300,0)(700,-225)(0,225)(700,-300)(-800,-225)(-800,-300);
1;8;;0.7887478;5;(100,-225)(700,75)(-400,0)(-100,225)(-600,375)(-800,-300);
1;1;;25;12;(0,0)(0,0)(0,0)(0,0)(0,0)(0,0);Not enough space to place all items after21tries
1;2;;25;15;(0,0)(0,0)(0,0)(0,0)(0,0)(0,0);Not enough space to place all items after21tries
1;3;;25;9;(0,0)(0,0)(0,0)(0,0)(0,0)(0,0);Not enough space to place all items after21tries
1;1;;25;12;(0,0)(0,0)(0,0)(0,0)(0,0)(0,0);Not enough space to place all items after21tries
1;1;;25;12;(0,0)(0,0)(0,0)(0,0)(0,0)(0,0);Not enough space to place all items after1tries
1;2;;25;15;(0,0)(0,0)(0,0)(0,0)(0,0)(0,0);Not enough space to place all items after1tries
1;3;;25;9;(0,0)(0,0)(0,0)(0,0)(0,0)(0,0);Not enough space to place all items after1tries
1;4;;25;8;(0,0)(0,0)(0,0)(0,0)(0,0)(0,0);Not enough space to place all items after1tries
1;5;;25;16;(0,0)(0,0)(0,0)(0,0)(0,0)(0,0);Not enough space to place all items after1tries
1;6;;25;14;(0,0)(0,0)(0,0)(0,0)(0,0)(0,0);Not enough space to place all items after1tries
1;7;;25;1;(0,0)(0,0)(0,0)(0,0)(0,0)(0,0);Not enough space to place all items after1tries
1;8;;25;5;(0,0)(0,0)(0,0)(0,0)(0,0)(0,0);Not enough space to place all items after1tries
1;1;5,1;9.743375;12;(-100,0)(-100,450)(-100,-150)(-200,-225)(-400,150)(0,375);
1;1;;25;12;(600,450)(200,75)(-200,-75)(-400,450)(300,450)(600,300);
1;1;;11.85223;12;(200,375)(500,-225)(-200,375)(-800,-300)(-600,-225)(0,-300);
1;2;;2.921587;15;(700,-225)(200,375)(700,375)(-800,300)(-500,150)(0,300);
1;3;;11.40732;9;(-100,-300)(-800,-300)(-400,225)(-200,-75)(600,-150)(-700,225);
1;4;;17.52748;8;(500,75)(-300,375)(500,-75)(400,150)(700,300)(-800,375);
1;1;;13.48071;12;(0,300)(100,375)(600,225)(-800,150)(-400,-225)(-800,-75);
1;2;;0.6981773;15;(-800,0)(600,-225)(-700,-225)(-600,375)(300,300)(-200,0);
1;3;;0.6994896;9;(300,-75)(600,150)(-200,75)(500,150)(0,-225)(0,-300);
1;4;;0.3759403;8;(-200,375)(600,0)(-300,0)(300,225)(700,450)(-600,375);
1;5;;0.3943214;16;(300,75)(400,150)(700,150)(200,-225)(200,150)(200,-150);
1;1;;1.484892;12;(600,300)(-800,-75)(-500,75)(-400,150)(500,225)(400,450);
1;2;;0.77178;15;(-700,-225)(-300,450)(-600,-300)(-300,75)(300,375)(300,-75);
1;3;;1.07748;9;(-800,450)(500,450)(0,225)(600,300)(600,-75)(-800,375);
1;4;;25;8;(500,0)(200,150)(400,225)(400,150)(-600,-150)(600,-225);
1;1;;25;12;(-800,450)(-800,-225)(-400,75)(700,-150)(700,-300)(0,450);
1;1;;25;12;(0,0)(0,0)(0,0)(0,0)(0,0)(0,0);Not enough space to place all items after11tries
1;2;;25;15;(0,0)(0,0)(0,0)(0,0)(0,0)(0,0);Not enough space to place all items after11tries
1;3;;25;9;(0,0)(0,0)(0,0)(0,0)(0,0)(0,0);Not enough space to place all items after11tries
1;4;;25;8;(0,0)(0,0)(0,0)(0,0)(0,0)(0,0);Not enough space to place all items after11tries
1;5;;25;16;(0,0)(0,0)(0,0)(0,0)(0,0)(0,0);Not enough space to place all items after11tries
1;6;;25;14;(0,0)(0,0)(0,0)(0,0)(0,0)(0,0);Not enough space to place all items after11tries
1;7;;25;1;(0,0)(0,0)(0,0)(0,0)(0,0)(0,0);Not enough space to place all items after11tries
1;8;;25;5;(0,0)(0,0)(0,0)(0,0)(0,0)(0,0);Not enough space to place all items after11tries
1;1;4,0;10.5183;12;(600,-225)(-700,-225)(-400,75)(-700,375)(700,150)(200,300);
1;1;;2.308033;12;(600,50)(-500,-150)(200,250)(500,-50)(400,50)(0,-250);
1;2;;1.299219;15;(-700,-350)(600,-150)(-100,-350)(400,-450)(600,350)(600,250);
1;3;0,3,2;5.905647;9;(600,-250)(-700,250)(-300,-250)(-200,-450)(-800,50)(-600,150);
1;1;;1.112871;12;(-800,-300)(300,-100)(400,100)(100,300)(700,200)(200,300);
1;2;;3.907932;15;(-600,-100)(-500,-300)(300,200)(-300,-400)(-700,-200)(-600,100);
1;3;;2.008059;9;(-400,200)(200,200)(-400,-200)(500,-300)(-300,300)(700,-300);
1;4;;0.7178097;8;(700,-200)(600,-100)(-200,-200)(-500,0)(300,-300)(-300,-100);
1;5;;1.622553;16;(-100,0)(-100,-300)(600,-100)(-600,-100)(-600,-200)(-700,0);
1;6;;1.141413;14;(-800,-300)(400,-100)(-100,-200)(600,200)(-700,100)(-400,-300);
1;7;;0.9730244;1;(-500,0)(500,-300)(-500,100)(-800,-100)(400,100)(-500,200);
1;8;;1.038393;5;(0,300)(-800,200)(300,-400)(0,100)(600,-200)(500,300);
2;1;;3.715815;7;(-200,300)(600,-400)(-500,-300)(-500,-400)(-300,0)(-600,-400);
1;1;;2.030243;12;(-600,-300)(-100,-400)(600,100)(-400,-100)(600,-400)(-200,200);
1;2;;0.5142384;15;(500,-400)(-600,-300)(700,-200)(-700,-100)(-800,-300)(200,100);
1;3;;0.6689186;9;(-400,-300)(-400,100)(-200,100)(600,-200)(-300,200)(-500,300);
1;4;;0.4103889;8;(200,100)(0,-300)(-300,-200)(-600,200)(-400,-200)(200,-300);
1;1;4;10.83819;12;(-800,-400)(600,-100)(500,-400)(400,-400)(-600,-300)(-400,-300);
1;2;5,1;3.418425;15;(-200,-300)(500,0)(100,-100)(100,0)(600,-300)(300,-100);
1;3;2,4;4.970436;9;(400,-100)(600,200)(0,-300)(-800,300)(400,-400)(500,300);
1;4;2,0,5;4.86038;8;(-100,200)(-200,-100)(300,-100)(600,0)(-800,-400)(-200,300);
1;5;2,5;1.977661;16;(-700,100)(-800,300)(-400,-300)(-400,-100)(500,100)(400,-300);
1;6;0,1,4;2.152395;14;(200,100)(200,-200)(-600,-100)(0,-200)(400,-300)(-800,0);
1;1;;0.8386002;12;(400,-300)(600,-300)(-600,300)(700,300)(-800,-300)(-600,-400);
1;2;;0.3762436;15;(400,300)(-300,-400)(-400,-400)(700,-400)(400,-300)(-500,-300);
1;3;;0.8002415;9;(-500,-300)(500,-300)(-300,300)(-700,300)(-600,-400)(-800,-300);
1;4;;0.4959106;8;(-700,300)(-300,-400)(700,-300)(300,300)(-500,-300)(300,-400);
1;5;;2.741434;16;(700,-400)(-600,-300)(300,-400)(400,-300)(-800,-400)(300,-300);
1;6;;1.145906;14;(-800,-300)(700,-400)(-400,-400)(500,-400)(-700,-300)(300,-300);
1;7;;0.6162319;1;(-600,-300)(600,-300)(-500,-300)(300,-300)(-800,-400)(300,300);
1;8;;0.5992775;5;(300,-300)(500,-400)(-800,-400)(-700,-300)(600,300)(-800,300);
2;1;;0.7341537;7;(700,-300)(-300,300)(600,-400)(-500,-400)(300,-400)(500,-300);
2;2;;0.633606;4;(700,-300)(-500,-300)(-400,300)(700,300)(-800,300)(300,300);
2;3;;0.531208;2;(600,-400)(-800,-400)(-500,-300)(700,300)(400,-300)(-700,300);
2;4;;0.5802402;13;(-300,300)(-700,300)(-700,-300)(-400,-300)(-500,-400)(-800,300);
2;5;;0.6318321;3;(-300,-300)(-400,300)(-800,-300)(-400,-400)(500,-300)(-300,300);
2;6;;0.6338234;11;(-400,-400)(500,-400)(700,-300)(400,300)(300,-400)(-800,300);
2;7;;0.4980259;10;(-400,-400)(400,300)(-600,300)(600,300)(-800,-300)(-500,300);
2;8;;0.5496559;6;(-600,-400)(400,300)(-600,300)(-300,-400)(700,-300)(600,300);
1;1;;0.9245014;12;(250,-350)(-350,-350)(-500,250)(400,250)(-650,250)(700,250);
1;2;;0.6312618;15;(-650,-350)(400,250)(400,-350)(700,-350)(550,-350)(-350,250);
1;3;;0.6846638;9;(700,-350)(-350,250)(-650,-350)(700,250)(-650,250)(400,250);
1;4;;0.5979347;8;(-350,-350)(-650,-350)(-350,250)(550,250)(-500,250)(550,-350);
1;5;;0.546587;16;(250,250)(400,-350)(-350,-350)(-350,250)(250,-350)(-650,-350);
1;6;;0.5295143;14;(700,-350)(550,-350)(250,250)(250,-350)(-650,-350)(700,250);
1;7;;0.4447117;1;(-350,-350)(-500,250)(700,250)(-500,-350)(550,250)(-650,-350);
1;8;0,1;3.393185;5;(400,250)(700,250)(700,-350)(250,-350)(-500,-350)(400,-350);
2;1;;0.5826168;7;(250,-350)(550,-350)(-650,-350)(-650,250)(400,250)(700,250);
2;2;;0.4643955;4;(-350,-350)(-500,-350)(550,250)(250,-350)(550,-350)(700,-350);
2;3;;0.37743;2;(-500,250)(250,-350)(-650,250)(-650,-350)(700,250)(-500,-350);
2;4;;0.2412891;13;(400,-350)(400,250)(700,250)(-650,250)(-650,-350)(250,250);
2;5;;0.1219711;3;(250,250)(700,-350)(400,250)(-350,-350)(-650,-350)(-650,250);
2;6;;0.07085037;11;(550,-350)(250,250)(400,-350)(700,-350)(700,250)(550,250);
2;7;;0.0338974;10;(250,-350)(550,250)(-500,250)(550,-350)(400,250)(400,-350);
2;8;;0.07085228;6;(-500,-350)(-650,-350)(250,250)(250,-350)(-500,250)(550,-350);
1;1;;1.024803;12;(400,-450)(-500,0)(700,225)(-400,225)(500,-225)(-400,-225);
1;2;;0.7353191;15;(400,150)(100,-300)(0,225)(600,-75)(-800,150)(-200,-450);
1;3;;0.7163715;9;(600,-450)(-500,-225)(-300,375)(-100,300)(500,-150)(-800,300);
1;4;;0.6482697;8;(600,-150)(200,-450)(-200,300)(300,-150)(-100,-375)(400,-225);
1;5;;0.7489986;16;(600,-75)(-600,-450)(-800,-225)(-300,300)(-200,-450)(-100,-300);
1;6;;0.6484909;14;(-800,225)(-100,-225)(100,-450)(-400,-375)(-100,225)(-800,0);
1;7;;0.5795441;1;(-400,-300)(600,0)(700,-375)(400,-450)(0,-375)(600,225);
1;8;;0.4300022;5;(100,-375)(-300,375)(-500,-375)(-800,0)(500,-375)(-200,375);
2;1;;0.3955059;7;(300,300)(600,-75)(-500,-75)(-500,-375)(-400,225)(-800,-150);
2;2;;0.4304161;4;(-100,-450)(700,-450)(-700,-375)(400,150)(600,-150)(-500,-300);
2;3;;0.3439007;2;(-200,-450)(-400,375)(-500,300)(300,150)(-500,-150)(-500,75);
2;4;;0.4632874;13;(-300,-75)(700,300)(700,75)(600,-75)(0,-375)(-200,225);
2;5;;0.4118061;3;(400,0)(400,-225)(-600,-75)(-400,225)(-100,375)(400,-300);
2;6;;0.5992432;11;(100,-375)(700,-225)(-500,375)(500,150)(200,-375)(-600,0);
2;7;;0.3774071;10;(600,-450)(-300,75)(500,75)(400,-375)(700,-300)(0,375);
2;8;;0.342474;6;(-500,-150)(-300,300)(-600,-225)(-800,0)(700,0)(300,375);
1;1;;4.315262;12;(200,262)(500,320)(400,-318)(-700,204)(300,-202)(500,204);
1;1;;0.5822449;12;(-300,-2)(300,346)(-500,230)(-600,346)(500,346)(-500,-118);
1;2;;2.157475;15;(600,346)(600,-234)(500,-234)(-400,230)(-700,-234)(500,-350);
1;3;;1.786404;9;(-500,-118)(300,-234)(600,-118)(-800,346)(600,114)(500,-118);
1;4;;1.211325;8;(-300,-234)(-400,-350)(-200,-350)(300,-350)(-600,-350)(-700,346);
1;5;;0.8022709;16;(-200,-350)(-700,-350)(500,-350)(-700,-118)(-500,-350)(-300,-350);
1;6;;0.7389393;14;(100,346)(500,-118)(400,-2)(-300,-118)(-200,-350)(-300,-350);
1;1;;4.349247;12;(-2,210)(-800,-210)(663,70)(131,-210)(397,-210)(796,-210);
1;2;;1.242588;15;(-2,-210)(-268,210)(796,70)(397,70)(796,210)(-401,70);
1;3;;1.174437;9;(-534,-70)(264,210)(397,210)(796,-350)(-268,210)(796,70);
1;4;;2.487516;8;(530,-210)(397,-70)(-667,-210)(397,70)(-268,-70)(-401,-350);
1;5;;2.972109;16;(663,70)(663,210)(530,-350)(-268,70)(796,70)(530,-210);
1;6;;4.958958;14;(663,70)(-268,-70)(-135,-210)(663,-210)(-135,210)(397,-350);
1;7;;1.054932;1;(-135,-210)(264,-70)(397,210)(-800,-70)(-2,-350)(796,-210);
1;8;;0.57938;5;(-268,210)(-401,-350)(-401,-70)(397,-70)(530,-350)(264,70);
2;1;;1.096083;7;(796,-350)(-401,-210)(530,-70)(264,70)(-401,70)(796,-70);
2;2;;0.9399853;4;(-2,-210)(397,-210)(-667,-70)(-800,70)(530,-70)(264,-70);
2;3;;0.686491;2;(-135,-210)(264,-350)(-667,-350)(-401,210)(-800,-70)(-667,-210);
2;4;;0.5635757;13;(131,-350)(-534,70)(264,210)(264,-70)(530,70)(-268,-70);
2;5;;0.4477901;3;(264,70)(530,-210)(796,-70)(-534,-210)(397,-210)(-667,-350);
2;6;;0.5322838;11;(-534,70)(-2,210)(264,-70)(264,-350)(-534,-70)(530,-350);
2;7;;0.8025475;10;(796,-350)(530,70)(-800,-350)(-135,-350)(-135,210)(-667,-70);
1;1;;1.07576;12;(530,70)(-667,210)(397,210)(-401,-350)(-401,-70)(-667,-210);
1;2;;1.960331;15;(-401,70)(397,-70)(-401,-350)(-800,210)(264,-350)(-800,70);
1;1;;4.521389;12;(-401,130)(-800,-350)(663,290)(-800,-30)(-667,-190)(-135,-350);
1;2;;1.209408;15;(530,-30)(-401,-350)(530,130)(-534,130)(397,130)(663,-190);
1;3;4,2;5.957157;9;(-534,-350)(131,290)(-268,290)(-800,-30)(-401,130)(397,290);
1;4;;1.991093;8;(264,-350)(-534,130)(-534,-350)(264,290)(131,-350)(663,-190);
1;5;;3.419195;16;(-667,-190)(-667,130)(663,-190)(663,290)(663,-350)(796,290);
1;6;;2.388336;14;(397,-30)(-401,290)(530,290)(397,-190)(-667,-350)(-800,-190);
1;7;;1.32925;1;(530,290)(-401,-190)(-667,-350)(-800,130)(131,290)(-534,-350);
1;8;;1.111092;5;(530,-30)(-534,-190)(-800,-350)(530,130)(530,-350)(663,130);
2;1;;0.4283428;7;(796,-190)(397,290)(663,-350)(-268,290)(-800,-190)(264,290);
2;2;;0.08878899;4;(-268,290)(-800,-30)(397,-190)(397,130)(663,130)(796,290);
2;3;;0.03393173;2;(-135,290)(-800,130)(397,290)(131,290)(663,-30)(-135,-350);
2;4;;0.1053371;13;(-667,130)(397,290)(796,290)(796,130)(-800,130)(-667,-30);
2;5;;0.03398132;3;(-800,290)(796,-350)(-534,-190)(530,-30)(-401,290)(397,130);
2;6;;0.03387833;11;(-2,290)(530,-30)(-534,290)(-401,130)(530,130)(-667,-30);
2;7;;0.0338974;10;(530,290)(-800,-30)(264,290)(-800,-350)(-667,-350)(-268,290);
2;8;;0.03458405;6;(663,290)(-534,130)(530,290)(-534,-350)(397,130)(397,290);
1;1;;0.5808716;12;(-800,290)(397,130)(-135,290)(796,-190)(-2,290)(796,-350);
1;2;;0.3260574;15;(663,-30)(397,-190)(-534,-350)(397,130)(796,-190)(-800,-190);
1;3;;0.3450165;9;(796,130)(-268,290)(-800,-30)(-667,130)(264,290)(663,-30);
1;4;;0.5493946;8;(796,290)(-667,-350)(131,290)(530,290)(-800,-190)(-667,290);
1;5;;0.6556187;16;(530,290)(131,290)(663,-350)(796,290)(-534,-30)(-401,-30);
1;6;;0.44664;14;(796,130)(131,-350)(-268,290)(663,-190)(-135,-350)(663,-350);
1;1;;0.7663822;12;(-667,290)(264,290)(796,130)(-534,-350)(796,290)(-268,290);
1;2;;0.2748451;15;(-2,290)(796,-190)(-401,290)(-2,-350)(264,290)(530,-30);
1;3;;0.3086472;9;(-268,290)(-667,-190)(-268,-350)(397,130)(-2,-350)(530,130);
1;4;;0.03440857;8;(-800,-30)(-401,130)(530,-190)(-667,-190)(663,-190)(-534,-350);
1;5;;0.03389359;16;(-135,290)(-534,-190)(530,-350)(-800,130)(-667,-350)(-800,-30);
1;6;;0.0338974;14;(663,-30)(397,290)(-135,-350)(-2,290)(-135,290)(-667,130);
1;7;;0.03488159;1;(663,-350)(663,130)(796,290)(796,-190)(663,290)(530,-190)(-534,290)(-800,-350)(-800,130)(264,-350)(-401,-30)(-401,130);
1;8;;0.0338974;5;(131,290)(-135,-350)(-534,-350)(796,130)(-667,-350)(663,-190);
2;1;;0.1220646;7;(796,-350)(-401,-350)(-534,290)(-534,-190)(-534,130)(397,130);
2;2;;0.3091278;4;(397,130)(530,-350)(264,290)(663,130)(397,-350)(663,-350);
2;3;;0.03390121;2;(397,290)(-667,-30)(397,-30)(663,-190)(-800,130)(796,130);
2;4;;0.03390121;13;(-534,-350)(796,130)(663,290)(530,290)(397,290)(663,-350);
2;5;;0.03535461;3;(796,130)(397,-350)(530,290)(-534,-350)(-667,-190)(-401,-350);
2;6;;0.0338974;11;(-401,-190)(-534,-30)(131,-350)(663,130)(131,290)(-268,-350);
2;7;;0.03390503;10;(663,-350)(796,-190)(796,-350)(-800,130)(-534,290)(-800,-190);
2;8;;0.0338974;6;(397,-350)(264,290)(-534,130)(796,-30)(-534,-350)(-800,-190);
1;1;;0.6335926;12;(663,-190)(530,290)(397,-190)(796,290)(-2,290)(-401,130);
1;2;;0.3941383;15;(-800,-30)(-667,290)(796,-190)(397,-30)(-667,-350)(-401,-30);
1;3;;0.3597794;9;(-534,-30)(-800,-350)(796,290)(663,-190)(663,290)(-401,-190);
1;4;;0.3618565;8;(796,-190)(-534,130)(397,290)(663,130)(663,-30)(796,-350);
1;5;;0.3952751;16;(-534,290)(-401,-30)(530,-350)(-2,290)(264,-350)(663,130);
1;6;;0.4634399;14;(663,-190)(530,-350)(-667,-30)(-2,290)(-667,-350)(-800,-190);
1;7;;0.4619522;1;(-800,-350)(530,-30)(663,-190)(131,-350)(530,-190)(-800,290)(397,-350)(-800,-190)(397,-30)(-534,130)(-135,290)(-800,130);
1;8;;0.4296818;5;(-401,130)(530,-190)(663,-350)(-800,290)(-534,130)(663,-30);
2;1;;0.4448452;7;(-401,-190)(-800,130)(264,290)(663,130)(-2,-350)(-401,290);
2;2;;0.3251801;4;(-667,-190)(-667,-30)(131,-350)(663,130)(530,290)(-800,130);
2;3;;25;2;(-800,290)(264,290)(796,290)(397,-30)(-800,-350)(-268,-350)(-667,-350)(-667,290)(264,-350)(-534,-30)(131,290)(-534,-350)(-800,130)(-401,-30)(530,-350)(-667,-190)(-401,130)(-534,-190)(131,-350)(530,-190)(-268,290)(796,-190)(530,-30)(-2,-350)(-401,-190)(-2,290)(663,-30)(-800,-30)(796,130)(663,290)(-534,290)(397,290)(663,-190)(-135,-350)(397,-350)(-135,290)(-800,-190)(397,-190)(796,-30)(663,-350)(397,130)(-401,290)(-667,-30)(-401,-350)(530,130)(796,-350)(-667,130)(663,130)(530,290)(-534,130)(0,0)(0,0)(0,0)(0,0)(0,0)(0,0)(0,0)(0,0)(0,0);Not enough space to place all items after11tries
1;1;;12.03819;12;(-667,-30)(-401,-190)(-401,130)(264,290)(-2,290)(663,290)(264,-350)(663,130)(-268,-350)(-667,-350)(796,-190)(-534,290)(397,130)(131,290)(-800,130)(796,-30)(530,130)(796,-350)(796,290)(-800,-190)(-667,130)(-2,-350)(-800,-30)(-135,-350)(-667,290)(-401,290)(397,-30)(-268,290)(-534,-190)(530,290)(-401,-350)(-401,-30)(796,130)(-800,-350)(-534,130)(397,-350)(-534,-30)(-667,-190)(131,-350)(530,-350)(397,-190)(530,-30)(663,-30)(663,-350)(-534,-350);
1;2;;0.4275017;15;(-534,-190)(-401,290)(397,-350)(-268,-350)(-135,290)(-135,-350);
1;3;;0.3759499;9;(264,290)(131,-350)(-135,-350)(-800,-190)(-800,-350)(-667,-350);
1;4;;0.4956245;8;(-401,-350)(663,-190)(-800,-30)(796,-190)(530,-350)(397,-350);
1;5;;0.6361065;16;(-401,-30)(397,-350)(796,290)(-534,290)(530,-30)(397,-30);
1;6;;0.6169167;14;(530,130)(-401,130)(-2,-350)(796,-190)(-401,-190)(663,290);
1;7;;0.3964806;1;(-401,-190)(663,-350)(663,290)(-401,290)(397,-350)(-268,-350)(131,290)(264,-350)(-2,-350)(-268,290)(131,-350)(-800,-30);
1;8;;0.5360794;5;(663,-30)(663,-350)(397,130)(-667,-350)(796,-30)(-534,-190);
2;1;;0.428772;7;(663,-350)(796,-190)(-800,-30)(-667,-30)(530,290)(-667,130);
2;2;;0.3831806;4;(-667,130)(663,290)(-800,-350)(-534,130)(-268,290)(-800,-190);
1;1;;0.7906036;12;(530,130)(131,-350)(-2,-350)(397,290)(796,130)(-135,-350)(-268,290)(-2,290)(-534,290)(-534,-30)(-401,130)(-800,-190)(-534,130)(-800,130)(663,290)(530,290)(397,130)(-401,-350)(-667,-350)(-401,-30)(663,-30)(397,-30)(530,-30)(-667,130)(-667,290)(397,-190)(264,-350)(-800,-30)(663,-190)(-268,-350)(796,-30)(663,130)(131,290)(796,-350)(530,-350)(397,-350)(796,-190)(-401,290)(-534,-190)(-135,290)(-401,-190)(530,-190)(-667,-30)(-800,-350)(796,290);
1;2;;0.3261566;15;(-135,-350)(397,-350)(663,290)(264,290)(-534,-190)(-2,-350);
1;3;;0.0344696;9;(663,290)(397,130)(-401,-350)(-534,-30)(397,-190)(-800,130);
1;4;;0.0338974;8;(-401,-190)(-268,-350)(530,-190)(663,-190)(530,130)(-800,-30);
1;5;;0.0338974;16;(663,290)(-667,-30)(530,-190)(-268,-350)(-800,130)(131,290);
1;6;;0.03390121;14;(530,130)(-667,290)(-800,-350)(131,290)(264,-350)(-534,-350);
1;7;;0.03419876;1;(663,130)(530,-30)(397,-190)(-800,-30)(530,290)(-401,-30)(-135,-350)(264,290)(397,-350)(-534,130)(796,-190)(-667,-30);
1;8;;0.03382874;5;(796,130)(-534,-350)(397,-30)(-667,-350)(-401,290)(397,290);
2;1;;0.3251724;7;(663,-30)(-667,290)(397,-30)(796,-190)(-534,-30)(-534,-190);
2;2;;0.361784;4;(-800,290)(-534,-190)(397,-30)(796,-350)(-534,-30)(796,290);
1;1;;4.170904;12;(-135,-350)(-401,-30)(-534,-190)(131,-350)(397,290)(-534,-350)(-800,290)(-800,-30)(663,-30)(663,-190)(397,-350)(530,130)(663,290)(-135,290)(397,130)(-800,130)(-534,290)(-800,-350)(-401,290)(-667,-350)(264,-350)(663,130)(663,-350)(-401,-350)(-667,-190)(796,-30)(-667,-30)(-667,130)(-534,-30)(796,-350)(530,-190)(796,-190)(796,130)(796,290)(-534,130)(-2,290)(131,290)(-800,-190)(-268,-350)(-667,290)(-2,-350)(264,290)(530,290)(-401,-190)(397,-30);
1;2;;0.6168518;15;(397,130)(397,-350)(-800,130)(131,-350)(-534,-30)(663,-190);
1;3;;0.3263988;9;(796,-350)(-800,130)(-401,-350)(397,-350)(-268,-350)(397,290);
1;4;;0.03390121;8;(264,290)(-667,-30)(397,-350)(-534,130)(-800,130)(397,130);
1;5;;0.0338974;16;(-534,290)(-401,-350)(663,130)(397,-190)(-534,-350)(-667,-190);
1;6;;0.03390121;14;(397,-350)(-667,-190)(-667,-30)(530,-190)(131,-350)(-401,130);
1;7;;0.0338974;1;(-534,-350)(-135,-350)(530,-350)(-401,-190)(-667,-190)(-800,130)(530,-190)(-268,290)(-667,-350)(264,-350)(-534,-190)(-800,-30);
1;8;;0.03390121;5;(663,290)(-401,130)(397,290)(131,-350)(-800,130)(-800,290);
2;1;;0.309864;7;(-135,-350)(264,-350)(796,-350)(-667,-30)(796,130)(-534,130);
2;2;;0.5673065;4;(530,-190)(-667,-30)(663,-190)(131,290)(663,-350)(-800,-30);
1;1;;60;12;(320,-30)(-640,130)(640,290)(-640,290)(-640,-30)(-800,290)(640,-190)(-320,-190)(-320,290)(320,290)(-800,-30)(-640,-350)(-320,130)(-800,130)(-160,-350)(-480,-350)(160,-350)(-800,-350)(480,-30)(320,130)(0,-350)(-480,-30)(-320,-350)(480,-350)(-480,130)(480,-190)(0,290)(640,-30)(640,130)(-640,-190)(160,290)(-320,-30)(320,-350)(-480,-190)(480,290)(640,-350)(-800,-190)(-160,290)(480,130)(-480,290)(320,-190)(0,0)(0,0)(0,0)(0,0);Not enough space to place all items after11tries
1;2;;1.690464;15;(-800,-190)(-640,290)(-640,-190)(-320,-190)(320,130)(640,-190);
1;3;;0.667366;9;(-480,290)(-480,-350)(-640,290)(320,-30)(160,-350)(-640,-30);
1;4;;0.3933754;8;(640,130)(-640,-190)(160,-350)(-480,130)(-480,-190)(-640,-30);
1;5;;0.3766098;16;(480,-190)(-800,-30)(320,-190)(-320,290)(640,-350)(-480,-190);
1;6;;0.3769608;14;(-800,-190)(-480,-30)(320,130)(-480,290)(-640,290)(640,130);
1;7;;0.3597946;1;(-800,-350)(320,290)(480,290)(160,-350)(640,-190)(-800,130)(-800,290)(640,290)(-320,130)(640,-30)(320,-30)(-480,-30);
1;1;;6.155655;12;(320,-350)(-480,-30)(0,290)(640,-190)(-480,130)(320,-190)(-800,130)(-320,-30)(-480,-190)(480,290)(640,-350)(320,290)(-640,-350)(-640,-190)(-800,-350)(480,130)(320,130)(-800,-190)(-640,290)(480,-190)(0,-350)(160,-350)(-640,130)(-480,290)(-800,290)(-480,-350)(480,-30)(640,290)(-320,290)(160,290)(-160,-350)(480,-350)(-320,-350)(-800,-30)(-320,-190)(-320,130)(640,-30)(640,130)(-160,290);
1;2;;1.377274;15;(480,-30)(320,-30)(-640,-350)(-160,-350)(-320,-190)(-800,-350);
1;3;;0.7849426;9;(-800,-190)(320,-350)(320,-30)(160,290)(640,-30)(480,-190);
1;4;;0.6996765;8;(640,-190)(-320,130)(-640,-190)(-480,130)(640,130)(-160,-350);
1;5;;0.9738617;16;(640,-30)(-480,290)(640,290)(-480,-190)(-480,130)(-800,-190);
1;6;;0.7192917;14;(-320,-30)(-640,-350)(-800,-190)(-800,-350)(-320,290)(-320,130);
1;7;;4.177036;1;(320,-30)(-640,-190)(480,-190)(0,290)(-480,290)(-640,290)(640,-190)(-160,290)(320,130)(-320,-350)(-800,130)(-320,-190);
1;8;;2.982143;5;(160,290)(480,-350)(-320,-30)(320,-190)(480,290)(0,-350);
2;1;;0.76791;7;(320,290)(-320,-190)(-800,-190)(-640,290)(480,130)(160,-350);
2;2;;0.6152267;4;(640,-190)(640,-350)(-800,-350)(0,290)(-640,-350)(640,-30);
2;3;;1.623634;2;(640,-350)(-480,130)(480,-190)(480,-30)(-800,290)(-800,-190)(-640,130)(480,290)(-800,-350)(-800,130)(-480,290)(160,-350)(480,-350)(-480,-30)(-480,-190)(-160,290)(-640,-190)(160,290)(-320,290)(-320,-190)(-640,-30)(-160,-350)(0,-350)(-800,-30)(320,130)(-640,-350)(640,130)(640,-30)(0,290)(320,-350)(640,-190)(-640,290)(-320,-350)(320,-30)(-480,-350)(-320,-30)(640,290)(320,290)(320,-190)(480,130)(-320,130);
2;4;;0.8352127;13;(0,290)(-480,-30)(320,-350)(-320,130)(-640,130)(-640,-350);
2;5;;0.3438187;3;(160,-350)(-320,-350)(320,130)(640,290)(-640,-190)(-800,130);
2;6;;0.2078857;11;(-480,-190)(-320,-30)(0,290)(-800,130)(480,290)(-160,-350);
2;7;;0.1393089;10;(320,-190)(-640,290)(160,290)(480,-30)(480,290)(-640,130);
2;8;;0.05400467;6;(-640,290)(-320,130)(-320,-190)(640,290)(-320,290)(480,130);
1;1;;16.41115;12;(616,130)(439,130)(-800,130)(793,-350)(439,290)(262,-350)(616,-30)(-623,-190)(793,290)(616,-190)(439,-190)(-623,-350)(262,290)(-446,130)(-92,290)(85,-350)(-800,290)(-446,290)(-269,290)(616,290)(439,-30)(793,-190)(-446,-350)(-269,-350)(-800,-30)(-446,-30)(439,-350)(616,-350)(793,130)(-623,290);
1;2;;0.579483;15;(616,-350)(262,290)(793,-190)(-92,-350)(439,-30)(793,290);
1;3;;0.9030685;9;(-800,-190)(-446,-190)(-623,130)(439,130)(616,130)(793,-350);
1;4;;0.6303139;8;(85,290)(-269,290)(793,-350)(-800,-30)(793,-30)(439,130);
1;5;;0.7188034;16;(85,290)(-446,290)(439,-30)(-446,-30)(616,-190)(793,-350);
1;6;;0.4488831;14;(616,290)(-623,290)(439,-350)(-623,-350)(-800,-350)(-446,-30);
1;7;;0.3613663;1;(-446,-30)(-800,290)(262,290)(-800,-30)(616,-30)(-269,-350)(85,290)(-623,-350)(-446,130)(-446,290)(85,-350)(439,-30);
1;8;;0.2765656;5;(793,290)(-623,-30)(-800,130)(616,-30)(-446,-30)(-800,290);
1;1;;11.79588;12;(616,-30)(-623,-30)(793,-350)(616,290)(262,290)(-446,-30)(439,-190)(85,290)(-623,-350)(-800,-350)(-800,290)(-446,290)(439,-350)(793,-30)(793,130)(-623,290)(262,-350)(-269,290)(-800,-190)(793,290)(-446,-190)(-269,-350)(-800,-30)(-800,130)(-92,290)(616,-190)(439,-30)(616,-350)(616,130)(85,-350);
1;2;;0.3613663;15;(-446,290)(-800,130)(-92,-350)(-446,-30)(616,-350)(-269,-350);
1;3;;0.08795929;9;(439,-190)(439,-350)(-800,-350)(616,-350)(85,-350)(-800,-30);
1;4;;0.03410339;8;(616,130)(-446,130)(-446,290)(-446,-190)(793,130)(439,-190);
1;5;;0.3595314;16;(439,-190)(262,-350)(793,-350)(-269,-350)(-623,-190)(616,-30);
1;6;;0.157299;14;(-800,-30)(793,130)(-623,-30)(793,290)(616,-190)(-446,-30);
1;1;;5.109024;12;(262,290)(-269,-350)(-623,-190)(793,-190)(793,290)(439,130)(616,-190)(-446,130)(439,-190)(616,-350)(793,-30)(-623,130)(262,-350)(-92,-350)(616,-30)(-269,290)(-446,290)(616,290)(85,290)(-800,-190)(-623,290)(-92,290)(-623,-350)(-623,-30)(793,-350)(85,-350)(-800,130)(-800,290)(-800,-30)(793,130);
1;2;;0.3605156;15;(616,130)(-446,-30)(-92,290)(-446,-190)(616,-190)(616,-350);
1;3;;0.1050186;9;(85,-350)(616,290)(85,290)(-623,130)(-800,130)(-623,290);
1;4;;0.3109131;8;(-623,-350)(-92,-350)(-623,290)(793,-30)(439,-190)(616,-350);
1;5;;0.0338974;16;(-800,130)(-800,-30)(-92,290)(-623,-190)(616,130)(-446,130);
1;6;;0.03390503;14;(-623,-30)(-446,290)(-269,290)(-800,130)(-800,-30)(616,130);
1;7;;0.03414154;1;(439,290)(262,290)(262,-350)(-623,-30)(85,290)(-446,130)(-800,130)(-92,290)(616,290)(-92,-350)(439,130)(439,-190);
1;8;;0.0338974;5;(-800,-190)(793,290)(-446,-350)(-800,-350)(-800,130)(-446,-30);
2;1;;0.3267326;7;(85,-350)(-446,290)(-92,290)(439,-30)(262,-350)(-446,-190);
2;2;;0.2920494;4;(262,-350)(-800,-190)(85,290)(616,-190)(439,-350)(-623,-30);
2;3;;7.131512;2;(-800,130)(616,-190)(85,-350)(439,130)(793,290)(-446,-30)(616,290)(-92,-350)(793,130)(-800,-190)(616,-350)(-623,-30)(-623,-190)(793,-350)(262,290)(-800,-30)(616,-30)(262,-350)(-623,-350)(-800,290)(-269,-350)(-446,130)(439,-190)(439,290)(-446,290)(-446,-190)(616,130)(-800,-350)(793,-30)(439,-30)(-446,-350)(-92,290)(439,-350)(-623,290)(-623,130);
2;4;;0.8715668;13;(-800,-190)(-623,130)(-623,290)(-446,-30)(-269,290)(-446,-190);
2;5;;0.7694511;3;(793,-30)(-446,290)(439,-190)(793,-350)(-800,-190)(-623,130);
2;6;;0.751461;11;(-446,-190)(616,-350)(-446,130)(616,290)(439,-30)(262,-350);
2;7;;0.4965973;10;(-446,-350)(-800,-350)(-446,130)(-92,-350)(-623,130)(-800,130);
2;8;;0.8691216;6;(-800,-30)(85,-350)(-623,-350)(-800,-350)(793,-350)(-800,290);
1;1;;3.027176;12;(439,-390)(616,282)(616,-390)(85,282)(-446,-222)(793,-390)(616,114)(-92,282)(-446,282)(439,-222)(793,-222)(616,-54)(-446,114)(793,-54)(262,282)(-800,114)(-800,282)(-269,282)(616,-222)(-623,114)(-446,-54)(-446,-390)(-269,-390)(439,282)(85,-390)(793,282)(-623,-390)(-800,-54)(-623,-222)(439,114);
1;2;;0.3117485;15;(616,-390)(-269,-390)(-800,-54)(616,114)(-623,282)(-446,-222);
1;3;;0.03390503;9;(262,-390)(439,282)(-446,282)(-269,282)(616,-222)(616,282);
1;4;;0.03394318;8;(-623,-222)(439,-222)(-623,-54)(-800,-54)(793,114)(-800,282);
1;5;;0.03439331;16;(-800,-222)(-623,-390)(616,-222)(439,-222)(-623,114)(-92,282);
1;6;;0.03542328;14;(-269,-390)(439,-54)(616,114)(-446,282)(439,-222)(793,-54);
1;7;;0.0338974;1;(616,-54)(85,282)(793,114)(-623,114)(-623,282)(616,-222)(439,-222)(-446,282)(616,-390)(439,114)(-623,-54)(-623,-390);
1;8;;0.0338974;5;(-269,282)(-269,-390)(-92,-390)(85,282)(-92,282)(616,114);
2;1;;0.275547;7;(-92,-390)(616,-54)(793,114)(-269,282)(793,-222)(439,-54);
2;2;;0.3258858;4;(-446,282)(616,282)(-800,-222)(-800,282)(-623,-222)(-92,282);
2;3;;0.0338974;2;(-92,-390)(85,282)(439,114)(793,-390)(616,282)(-623,282)(616,-54)(262,282)(-269,282)(-800,282)(262,-390)(-623,-54)(85,-390)(616,114)(-800,114)(616,-222)(439,282)(-800,-222)(-269,-390)(439,-54)(-623,-222)(793,114)(-446,114)(793,-222)(793,282)(-92,282)(-800,-54)(439,-390)(-623,114)(-446,-390)(439,-222)(-446,-222)(-800,-390)(793,-54)(616,-390);
2;4;;0.4784126;13;(-800,282)(-623,-222)(-446,282)(793,282)(439,-54)(439,282);
1;1;;3.168903;12;(-623,-30)(793,130)(262,-30)(616,-30)(-446,130)(793,-190)(439,-190)(-446,-30)(-269,-350)(-269,-190)(-623,-350)(-446,290)(793,-350)(793,-30)(-800,-30)(262,-350)(439,-30)(-92,-350)(-800,-350)(439,290)(85,-350)(793,290)(-623,130)(-623,-190)(262,290)(-446,-350)(439,-350)(-269,130)(-800,290)(439,130);
1;2;;0.6480446;15;(616,130)(439,-350)(616,290)(793,-30)(85,290)(85,-350);
1;3;;0.3258553;9;(-92,-350)(-623,-190)(616,290)(616,-30)(262,-30)(439,290);
1;4;;0.308609;8;(-623,290)(-92,-350)(616,-350)(-623,-350)(-446,-350)(-800,290);
1;5;;0.1730499;16;(262,-190)(-800,290)(439,-350)(262,-350)(262,130)(616,-190);
1;6;;0.1387939;14;(-92,-350)(439,290)(-800,-190)(-800,-30)(793,130)(-623,290);
1;7;;0.2233849;1;(-800,130)(-623,-350)(-269,130)(-446,290)(-269,-190)(-623,-30)(-92,-350)(793,130)(-800,290)(-446,130)(262,290)(-446,-350);
1;8;;0.2922783;5;(-446,-190)(-623,-30)(439,-350)(-623,290)(-623,130)(616,130);
2;1;;0.4472198;7;(262,130)(-800,-30)(-623,130)(616,130)(616,-350)(439,-350);
2;2;;0.3597794;4;(-800,290)(262,290)(262,-190)(616,130)(-623,-30)(616,290);
2;3;;7.921597;2;(-446,-30)(-623,130)(616,130)(262,-30)(793,290)(616,-350)(-269,130)(439,290)(-800,-190)(-800,-350)(-269,-350)(262,-350)(616,290)(-800,290)(793,-350)(793,-190)(-92,290)(85,290)(793,-30)(-623,-190)(-800,-30)(-623,290)(439,-190)(616,-30)(-623,-30)(-623,-350)(439,-350)(-446,130)(262,-190)(262,290)(-92,-350)(439,130)(-269,-190)(-269,-30)(262,130);
2;4;;1.401783;13;(-92,290)(-623,-350)(-800,290)(616,-30)(616,130)(-269,-30);
2;5;;0.5992432;3;(616,-190)(-269,-350)(-623,290)(-446,-190)(-269,130)(793,-350);
2;6;;0.478405;11;(85,-350)(-269,290)(-446,290)(-800,-190)(262,-350)(-800,290);
2;7;;0.3614998;10;(262,130)(-800,-350)(-800,290)(793,290)(-623,-190)(-269,-30);
2;8;;0.2917404;6;(-446,-30)(85,290)(793,290)(262,-350)(-269,130)(262,-30);
1;1;15;1.242027;12;(-623,-190)(262,290)(439,-190)(793,290)(-800,130)(793,130)(793,-30)(85,290)(-800,290)(-92,-350)(-623,290)(616,-30)(-446,290)(793,-350)(793,-190)(439,-30)(439,290)(616,290)(-800,-30)(616,130)(-446,-190)(-92,290)(262,-30)(-800,-190)(-446,130)(262,-350)(85,-350)(-800,-350)(439,130)(-269,-350);
1;2;1;1.093388;15;(-623,130)(616,130)(-446,130)(-800,-30)(793,-350)(793,290);
1;1;17,11,8,0,20,26,7;31.59264;12;(-623,290)(262,-190)(616,-190)(-623,-350)(-446,290)(-623,-190)(616,-30)(793,-190)(-800,130)(439,-350)(-446,-30)(-269,290)(793,-30)(793,130)(-269,-30)(439,-190)(-92,290)(85,290)(-269,-350)(-446,-350)(439,-30)(-269,-190)(-800,290)(-800,-350)(262,130)(-446,-190)(262,-30)(439,290)(-623,130)(616,290);
1;2;;0.3441505;15;(-623,-30)(-800,-350)(-623,-350)(793,-350)(-623,290)(439,-190);
1;3;;0.3102264;9;(616,130)(-623,130)(439,-30)(-269,-190)(-623,290)(-269,-350);
1;4;;0.03425598;8;(616,-190)(-446,-190)(793,-190)(-800,-350)(-800,-190)(616,-30);
1;5;;0.03392792;16;(616,-190)(439,130)(-269,130)(262,130)(439,290)(793,-30);
1;6;1;0.9090576;14;(-800,290)(616,-190)(-623,130)(-269,-30)(-446,-350)(439,130);
1;7;8;0.8894577;1;(262,-30)(-623,130)(439,-30)(439,-350)(262,-350)(-269,-190)(439,290)(-446,-30)(793,-190)(-800,130)(-269,-350)(-446,-190);
1;8;4;1.076408;5;(-269,290)(-446,-190)(793,-190)(-446,-350)(616,-190)(-92,290);
2;1;1;0.7216187;7;(-269,-30)(262,-30)(-269,-350)(439,130)(-446,130)(-446,-350);
2;2;4;0.9237862;4;(-800,-30)(-92,-350)(-623,290)(-269,130)(616,-350)(-623,-190);
2;3;13;0.9056053;2;(262,-190)(-92,290)(-800,-30)(793,-190)(616,-350)(-92,-350)(616,-30)(793,290)(-800,-350)(793,-30)(262,130)(-446,130)(793,-350)(439,-30)(-623,-30)(439,290)(-446,-30)(-800,130)(262,290)(-446,-190)(-446,-350)(616,-190)(616,130)(439,130)(-623,-190)(-269,290)(-269,130)(439,-190)(-623,290)(-800,290)(-269,-190)(616,290)(262,-350)(-623,130)(262,-30);
2;4;3;0.8852539;13;(-800,290)(793,290)(262,-30)(793,130)(-269,130)(-92,290);
2;5;1;3.686405;3;(-269,290)(616,-190)(262,290)(-800,-190)(85,-350)(262,-30);
2;6;4;1.24548;11;(-446,-350)(-269,-30)(-92,-350)(616,-350)(439,-190)(-623,-190);
2;7;2;1.041218;10;(-92,-350)(-446,-190)(439,-190)(439,130)(-800,290)(-800,130);
2;8;2;0.7009659;6;(-446,-190)(439,290)(439,-190)(616,290)(616,130)(-800,-30);
1;1;;0.8722954;0;12;(439,130)(793,-350)(-92,290)(616,-30)(262,130)(793,130)(85,290)(439,290)(-269,290)(-800,130)(-269,130)(-446,-350)(616,-350)(-623,130)(-623,-190)(-269,-190)(-269,-350)(616,130)(-446,290)(-800,-190)(-623,290)(262,-350)(616,-190)(-800,-350)(793,290)(262,-30)(-623,-30)(262,290)(85,-350)(793,-190);
1;1;;1.710087;0;12;(-623,-30)(616,290)(793,-30)(-269,-350)(-446,-190)(262,-350)(616,130)(-269,290)(-800,-30)(-92,290)(262,-30)(-92,-350)(-269,-30)(439,-350)(-269,-190)(616,-30)(-800,-350)(85,-350)(-623,290)(-446,130)(793,130)(-446,-30)(793,-350)(-623,-350)(-269,130)(-446,290)(85,290)(262,290)(-623,-190)(616,-190);
1;1;;1.317589;0;12;(85,-350)(-446,-350)(439,-30)(439,-190)(262,290)(-623,-190)(-269,-190)(793,130)(262,-350)(262,-190)(-269,-350)(-92,-350)(-446,290)(-800,290)(-446,-30)(-800,-30)(793,-350)(262,130)(-269,-30)(439,-350)(-623,-350)(793,290)(616,-190)(616,130)(616,-350)(262,-30)(-92,290)(793,-190)(-800,-190)(-446,-190);
1;1;;2.000717;0;12;(-269,-190)(-446,-350)(439,290)(-623,-190)(616,-190)(439,-30)(616,130)(-800,-30)(-800,130)(-269,-350)(-269,290)(262,-190)(439,-350)(262,130)(793,-350)(-92,-350)(793,290)(262,290)(793,-30)(-269,130)(793,130)(262,-30)(-800,290)(85,290)(-623,-350)(262,-350)(-800,-190)(-623,130)(-92,290)(793,-190);
1;1;;7.663071;0;12;(793,-190)(-269,-30)(262,-30)(-446,130)(616,290)(-623,290)(616,-350)(793,290)(439,130)(-92,290)(85,290)(793,-30)(262,-190)(-800,130)(-800,-190)(-269,290)(262,-350)(-269,-350)(439,-350)(-623,130)(439,-190)(-269,130)(-446,-350)(793,-350)(-623,-190)(-800,-350)(-92,-350)(-800,290)(-269,-190)(616,-190);
1;1;;1.398952;0;12;(616,-30)(-800,130)(85,-350)(-446,290)(-800,-350)(262,-350)(793,-30)(439,130)(-623,-190)(793,130)(-446,-190)(262,-190)(793,-350)(-623,-30)(-623,-350)(262,-30)(-446,130)(-800,290)(439,-190)(616,290)(-269,-190)(616,-350)(-269,130)(439,-30)(-446,-30)(262,130)(-92,-350)(-800,-190)(-800,-30)(-269,-30);
1;1;;1.400135;0;12;(439,-30)(-269,290)(793,130)(616,-350)(-800,130)(-92,-350)(-446,-190)(-269,130)(-446,-30)(85,-350)(-92,290)(-269,-190)(262,-350)(262,-190)(-623,-350)(-623,130)(616,-30)(-623,-30)(-623,290)(793,-30)(-800,-190)(-446,-350)(-269,-30)(262,-30)(439,-350)(262,290)(-800,-350)(-800,290)(793,-350)(616,290);
1;2;;9.245171;0;15;(616,-30)(262,130)(616,-190)(439,130)(-623,130)(793,130);
1;1;;1.009937;0;12;(616,130)(-269,130)(439,290)(616,290)(439,-190)(-623,130)(-623,-350)(-446,-350)(262,-190)(616,-350)(-446,-30)(262,290)(-269,-350)(85,-350)(616,-30)(793,290)(-269,-190)(-92,-350)(793,-190)(-800,290)(-269,-30)(-446,290)(262,130)(262,-350)(-623,290)(-800,-350)(85,290)(439,-30)(793,-350)(-446,-190);
1;1;;1.670319;0;12;(616,-350)(-446,-30)(262,130)(-800,290)(439,-350)(-446,290)(262,290)(-92,290)(793,-350)(-623,290)(-446,-190)(-269,130)(793,130)(-446,-350)(616,-30)(439,-30)(439,290)(793,-190)(-623,-30)(-269,-190)(-800,-30)(-269,-350)(-623,-350)(-623,-190)(439,-190)(262,-350)(793,-30)(-92,-350)(262,-30)(793,290);
1;2;;4.72274;0;15;(793,130)(-92,290)(439,-350)(616,-30)(-623,-30)(-269,-190);
1;3;;0.7516174;0;9;(-269,-350)(793,130)(616,130)(793,-190)(262,130)(-623,-190);
1;4;;1.043148;0;8;(-269,130)(-269,-350)(616,-190)(-623,290)(439,-30)(793,-30);
1;5;;0.4467468;0;16;(-800,-30)(793,-190)(439,-350)(616,290)(85,-350)(-269,-30);
1;6;;1.468395;0;14;(85,-350)(-269,130)(-800,130)(-446,-350)(439,-350)(439,-30);
1;7;2;0.5977058;0;1;(-92,290)(439,-350)(262,290)(616,-190)(793,130)(793,290)(-623,-350)(-800,-350)(-446,-350)(-800,290)(616,-350)(-623,-30);
1;8;;1.092808;0;5;(-269,290)(-269,-30)(-446,290)(793,-350)(439,-30)(-269,130);
2;1;;0.6164017;0;7;(262,290)(439,290)(-800,130)(439,130)(-623,130)(-800,-190);
2;2;3;1.00938;0;4;(262,-30)(-446,290)(85,290)(262,-190)(793,130)(-800,-190);
1;1;;0.380722;1;12;(616,130)(-623,-350)(793,130)(-446,-190)(262,-30)(85,-350)(262,130)(439,290)(-800,-30)(616,-350)(-446,-30)(793,-190)(85,290)(616,-190)(439,-190)(793,-30)(439,-350)(-623,130)(616,290)(-269,-190)(793,-350)(-446,-350)(-269,130)(-800,290)(-800,-190)(-446,130)(-623,-190)(-800,-350)(439,130)(262,-350);
1;2;;3.211899;0;15;(-623,-350)(439,-190)(-623,-190)(-800,130)(-800,-190)(-800,290);
1;3;;0.5830688;1;9;(-800,-190)(85,-350)(616,-350)(439,130)(-269,-350)(-623,-350);
1;4;;0.5494766;1;8;(-800,130)(793,-350)(793,130)(-269,-30)(793,290)(-623,-30);
1;5;;0.5299416;1;16;(-269,-350)(-92,290)(616,-30)(-269,-190)(793,130)(-446,-350);
1;6;;0.5655861;0;14;(439,-30)(793,-190)(85,290)(616,-190)(-269,-190)(-446,-190);
1;7;;0.3779373;0;1;(-800,-350)(439,-350)(-623,-30)(-446,130)(793,-190)(793,290)(616,-350)(-623,-190)(793,-30)(-92,-350)(616,-30)(793,-350);
1;8;;0.6834984;1;5;(616,-30)(262,-190)(-623,130)(-800,-190)(-446,-350)(-623,-190);
2;1;;0.7526588;1;7;(616,130)(-623,-350)(793,130)(262,130)(-269,-30)(-623,290);
2;2;;0.7005157;0;4;(-269,290)(85,290)(-269,-30)(439,-30)(-800,-30)(793,130);
2;3;;0.3429146;0;2;(-446,-190)(793,290)(-269,130)(-269,-30)(-269,-190)(-800,-350)(-446,130)(-623,-350)(262,290)(262,-30)(439,-350)(-800,-190)(616,-190)(-446,-350)(439,130)(439,290)(793,-350)(-623,290)(85,290)(793,-30)(616,130)(-269,290)(793,-190)(262,130)(616,290)(-800,290)(262,-190)(793,130)(439,-190)(-623,130)(-446,-30)(262,-350)(-623,-30)(-92,-350)(85,-350);
2;4;;0.5816498;1;13;(-269,-190)(-92,-350)(-800,-190)(-92,290)(-269,290)(262,-350);
2;5;;0.4452324;0;3;(-92,290)(-269,-190)(616,-190)(-623,-190)(616,130)(-446,130);
2;6;;0.6154213;0;11;(-269,-350)(-269,-190)(-269,-30)(-800,-30)(-269,130)(262,-30);
2;7;;0.413372;1;10;(-446,290)(262,-190)(616,-350)(-623,-190)(-623,-350)(-623,-30);
2;8;;0.6675606;1;6;(-446,-190)(439,-190)(-269,290)(-92,290)(616,-190)(439,130);
1;1;;1.575901;1;12;(-800,130)(262,290)(262,-350)(616,-350)(793,-190)(-446,-350)(439,-30)(793,-350)(-269,-30)(262,130)(-269,-350)(-446,290)(616,130)(262,-30)(-269,290)(-623,130)(85,290)(616,290)(439,130)(439,-190)(-800,290)(-623,-30)(616,-190)(-269,-190)(616,-30)(-800,-30)(-446,-30)(793,290)(793,130)(-623,290);
1;2;;0.5799942;0;15;(-269,-30)(-92,-350)(616,130)(616,290)(-446,-350)(-800,290);
1;3;;0.2577171;1;9;(439,-30)(439,290)(616,-30)(-446,-190)(-269,-190)(616,-350);
1;1;;0.5819702;1;12;(439,290)(262,-190)(439,-30)(-623,-30)(-800,-30)(793,-350)(85,290)(616,-190)(262,-30)(-800,-350)(262,290)(616,-30)(-269,130)(-269,-190)(793,-30)(-800,290)(793,290)(-92,290)(-623,130)(-623,290)(-623,-190)(-269,-350)(-269,290)(-446,290)(-623,-350)(616,130)(-269,-30)(616,290)(439,130)(262,-350);
1;2;;2.770145;1;15;(616,-190)(262,-190)(-446,290)(439,-30)(-446,-30)(-92,-350);
1;3;;0.4951782;0;9;(616,-350)(-269,-30)(439,-30)(439,-190)(-269,-350)(616,290);
1;4;;0.4952316;0;8;(616,-350)(-269,-350)(-623,130)(793,-350)(439,-30)(-269,130);
1;5;;0.225544;1;16;(262,290)(439,-30)(616,-30)(-800,290)(-623,-190)(-623,130);
1;6;;0.3292999;1;14;(-623,290)(616,130)(616,290)(793,-350)(262,-350)(-800,-350);
1;7;;0.2770348;1;1;(-446,130)(-623,290)(-800,-30)(793,-350)(616,290)(439,290)(-623,-30)(616,-30)(-269,290)(439,130)(793,130)(262,290);
1;8;;0.1732903;1;5;(-269,-190)(616,290)(793,-350)(-446,-190)(-800,-350)(793,-30);
2;1;;0.2578583;1;7;(-269,-30)(616,-190)(-623,-30)(-269,290)(439,-190)(439,-30);
2;2;;0.5313492;1;4;(-269,-350)(-800,-30)(439,290)(616,130)(262,-190)(-623,-190);
2;3;;0.1741562;0;2;(-269,-190)(793,-30)(-446,290)(-269,-30)(-623,-190)(793,290)(-446,-30)(616,-350)(439,130)(-623,-350)(262,290)(-800,-30)(616,130)(-269,-350)(439,290)(-269,130)(85,-350)(616,290)(793,-190)(616,-190)(-623,130)(-800,130)(-800,-350)(-92,290)(793,130)(-800,-190)(793,-350)(262,130)(439,-190)(-446,-190)(85,290)(439,-350)(-446,-350)(-446,130)(-800,290);
2;4;;0.2928085;0;13;(439,290)(439,130)(-446,-190)(-446,-30)(616,130)(262,130);
2;5;;0.4791946;1;3;(-446,130)(793,130)(-269,290)(793,-190)(-623,-30)(-92,290);
2;6;;0.1050682;0;11;(-269,290)(-446,130)(-269,-190)(-800,-190)(439,290)(616,-190);
2;7;;0.2927361;0;10;(-800,290)(793,-350)(-623,-190)(-800,-190)(793,-190)(793,-30);
2;8;;0.325531;0;6;(616,-30)(-446,-30)(85,290)(-623,290)(-92,-350)(-800,-30);
1;1;;5.725807;1;12;(-623,130)(-623,-30)(793,290)(-446,130)(-269,-350)(-623,-350)(439,130)(-269,-30)(-800,-350)(-269,-190)(-800,-190)(-623,-190)(-623,290)(439,-350)(439,-190)(-800,290)(-446,290)(-269,130)(616,-350)(85,-350)(616,290)(262,-30)(616,-30)(793,130)(262,-190)(-446,-190)(85,290)(262,130)(-446,-30)(-446,-350);
1;1;;2.456009;0;12;(-800,130)(-623,290)(-800,290)(-446,-30)(-92,290)(262,290)(262,-30)(-623,-190)(-269,130)(439,290)(262,-190)(793,-190)(793,290)(793,-350)(-446,130)(616,130)(439,-30)(439,-350)(262,-350)(262,130)(439,-190)(-623,130)(-92,-350)(-446,-190)(-800,-190)(-446,-350)(616,-350)(-269,-350)(85,290)(439,130);
1;2;3;3.835968;1;15;(793,-30)(439,-350)(-623,-350)(439,130)(262,290)(616,-30);
1;1;;60;1;12;(-623,-190)(85,-350)(-800,-30)(-623,-30)(262,-350)(-800,290)(-446,-350)(-446,290)(-446,130)(-269,-190)(262,-190)(-269,290)(439,-30)(439,-350)(-800,130)(616,-350)(262,-30)(793,290)(439,290)(616,130)(85,290)(262,290)(-92,290)(-800,-350)(-446,-190)(-269,-30)(-446,-30)(616,-190)(-623,-350)(-269,130);
1;2;;5.172539;1;15;(-446,-190)(-623,290)(439,-190)(-446,130)(-623,130)(-623,-190);
1;3;3;5.430664;1;9;(-446,130)(-800,-30)(-800,-190)(262,-350)(262,-30)(616,290);
1;4;;60;1;8;(262,290)(-446,-30)(262,-190)(439,130)(616,290)(-623,-190);
1;1;;6.228153;0;12;(262,-190)(616,130)(85,290)(-800,-30)(439,-190)(616,290)(793,130)(-623,-190)(-446,-350)(-446,-30)(-269,290)(-623,-30)(85,-350)(793,-30)(793,-190)(262,290)(793,-350)(439,-350)(-446,290)(439,290)(-92,-350)(616,-30)(-269,-350)(-269,130)(-623,-350)(616,-190)(616,-350)(-623,130)(-446,-190)(793,290);
1;2;;1.603634;0;15;(-269,130)(262,290)(616,130)(-446,-190)(-92,290)(85,-350);
1;3;;1.937241;1;9;(262,-190)(-623,130)(-800,-350)(-623,-350)(-800,-190)(85,-350);
1;4;;1.399212;1;8;(-269,130)(439,-190)(-800,-350)(793,-190)(-800,290)(-623,-30);
1;5;;5.420135;0;16;(439,-350)(-269,-30)(262,-190)(-623,-190)(793,-190)(-269,130);
1;6;;1.648216;1;14;(439,-30)(262,130)(262,-350)(-446,290)(439,290)(-446,130);
1;7;;2.506786;1;1;(616,290)(-269,-190)(-446,290)(-446,-30)(-800,290)(-269,130)(793,-30)(-623,-350)(793,-190)(616,-190)(-446,-190)(616,130);
1;1;;60;1;12;(-269,-190)(262,130)(793,130)(85,290)(616,-30)(-446,290)(439,290)(-269,130)(-623,-30)(-92,-350)(439,130)(793,290)(262,-30)(-623,-350)(-800,290)(-800,-30)(-446,-350)(-800,130)(-623,130)(439,-190)(616,290)(-269,290)(439,-350)(-446,-30)(85,-350)(-800,-190)(439,-30)(793,-350)(262,-190)(-800,-350);
1;1;;10.24973;0;12;(616,290)(-269,-190)(-623,290)(85,-350)(-269,-350)(793,-350)(-446,130)(-623,-350)(-800,-350)(-446,-30)(-269,130)(616,-30)(616,130)(-269,290)(-623,130)(439,290)(439,-350)(793,130)(-446,-190)(793,290)(616,-350)(-623,-30)(-92,-350)(439,-30)(-446,-350)(262,-350)(-800,-30)(-92,290)(262,130)(439,-190);
1;2;;1.922176;0;15;(-92,290)(-800,-30)(439,290)(616,-190)(-623,-350)(793,-350);
1;3;;1.591217;1;9;(-623,-350)(-269,290)(-446,290)(262,-190)(262,130)(-446,-190);
1;1;;1.902184;0;12;(262,-190)(793,290)(-92,290)(-269,-350)(-800,-350)(-623,290)(-800,-30)(-269,-190)(262,130)(-446,-30)(-446,290)(-92,-350)(793,-30)(-623,130)(-446,-190)(-623,-350)(-623,-30)(-623,-190)(85,-350)(-446,-350)(439,-190)(262,-350)(793,-350)(616,-350)(-269,290)(616,-30)(-446,130)(262,290)(-800,290)(439,130);
1;2;3,4,2;60;1;15;(-623,-350)(-446,-190)(-623,-30)(-92,290)(-446,290)(262,290);
1;1;2,16,19;51.14417;1;12;(262,-30)(262,-190)(-269,130)(-623,-190)(616,-30)(-623,-30)(-800,-190)(-800,-30)(85,290)(-623,-350)(793,-350)(85,-350)(-269,-350)(-269,-30)(439,-190)(262,130)(-623,130)(-446,-350)(439,-350)(-446,290)(793,290)(-800,290)(-446,-190)(-623,290)(262,-350)(793,-190)(616,-350)(-92,-350)(262,290)(616,-190);
1;2;;31.34559;1;15;(-623,130)(-446,-30)(-269,-190)(-800,-190)(439,130)(616,-30);
1;3;;11.92513;1;9;(85,290)(262,-350)(262,-190)(-446,130)(262,290)(-623,130);
1;1;9,25;36.11321;1;12;(-269,-30)(-623,-190)(-92,-350)(-269,-190)(616,-350)(-446,-190)(-800,-30)(616,130)(-446,-350)(-269,290)(793,-190)(-800,130)(262,-350)(439,-190)(-800,-190)(85,290)(-623,130)(793,290)(439,130)(-269,130)(-92,290)(439,-30)(-446,290)(-623,-350)(793,130)(-446,130)(616,290)(-269,-350)(-800,290)(262,130);
1;2;1,0,3;21.4263;1;15;(-800,-30)(-800,290)(-800,130)(-800,-190)(262,-190)(262,-350);
1;1;;23.08931;0;12;(-800,-190)(439,-30)(-800,130)(262,-350)(-446,-30)(-92,-350)(85,290)(439,-190)(793,-30)(-446,290)(-623,-190)(-800,-30)(85,-350)(616,-190)(262,130)(262,-190)(616,-350)(-623,-350)(439,-350)(616,130)(262,290)(-800,290)(-269,-350)(793,290)(-269,290)(439,130)(-623,-30)(-269,-190)(616,290)(-446,130);
1;2;;60;1;15;(-446,-30)(262,-350)(-800,-190)(-269,-350)(-800,130)(-92,290);
1;3;;17.21898;1;9;(262,-30)(-269,-190)(793,290)(-623,290)(85,290)(439,-30);
1;4;;60;0;8;(-623,130)(616,-350)(439,-30)(616,-190)(-623,-190)(-269,130);
1;5;5;60;0;16;(-800,-30)(262,130)(439,290)(85,-350)(793,-30)(-269,290);
1;6;1,3;55.50613;0;14;(262,-350)(-446,130)(439,-190)(-269,-190)(-800,130)(-623,-30);
1;7;;60;1;1;(616,130)(439,130)(-623,290)(-92,290)(616,-350)(-446,130)(262,-30)(-446,290)(-623,130)(-446,-190)(-623,-30)(793,-190);
